3500.5361 2.13245e-17
3502.5952 8.91733e-18
3504.6548 2.65523e-17
3506.7151 2.59707e-17
3508.7754 1.31348e-17
3510.8364 2.37276e-17
3512.8977 2.01018e-17
3514.9595 1.42186e-17
3517.0217 2.03821e-17
3519.0845 2.13849e-17
3521.1475 2.7945e-17
3523.2109 3.4574e-17
3525.2749 1.49668e-17
3527.3394 1.93527e-17
3529.4041 2.4004e-17
3531.4692 2.05828e-17
3533.5349 1.79792e-17
3535.6008 1.95436e-17
3537.6675 1.52658e-17
3539.7344 2.13631e-17
3541.8015 1.65423e-17
3543.8694 2.54984e-17
3545.9375 1.68509e-17
3548.0061 8.710220000000001e-18
3550.0752 1.44375e-17
3552.1445 2.10568e-17
3554.2144 1.61694e-17
3556.2847 1.17152e-17
3558.3552 2.304e-17
3560.4263 2.13586e-17
3562.4978 2.33819e-17
3564.5696 2.56397e-17
3566.6421 2.23446e-17
3568.7148 2.80499e-17
3570.7878 2.09444e-17
3572.8616 2.11463e-17
3574.9353 3.4373e-17
3577.0098 2.4041e-17
3579.0845 2.93233e-17
3581.1597 1.74194e-17
3583.2354 2.21791e-17
3585.3113 1.72971e-17
3587.3877 1.86164e-17
3589.4646 1.84493e-17
3591.5417 3.13413e-17
3593.6194 2.72408e-17
3595.6973 2.13176e-17
3597.7756 3.04644e-17
3599.8545 1.36293e-17
3601.9336 1.51685e-17
3604.0132 1.53082e-17
3606.0933 2.08429e-17
3608.1736 2.01221e-17
3610.2544 1.78135e-17
3612.3357 2.33816e-17
3614.4172 2.3492e-17
3616.4993 2.16174e-17
3618.5815 2.73409e-17
3620.6643 2.69304e-17
3622.7476 2.05861e-17
3624.8311 2.00191e-17
3626.915 1.63754e-17
3628.9995 1.21033e-17
3631.084 2.55154e-17
3633.1692 1.89993e-17
3635.2546 2.3948e-17
3637.3406 2.85744e-17
3639.427 3.11592e-17
3641.5134 3.06836e-17
3643.6006 2.08709e-17
3645.688 1.96217e-17
3647.7759 2.59034e-17
3649.864 2.22738e-17
3651.9524 2.25889e-17
3654.0415 3.08994e-17
3656.1309 2.01204e-17
3658.2205 2.07522e-17
3660.3105 1.98744e-17
3662.4011 2.1358e-17
3664.4919 2.01187e-17
3666.583 2.58749e-17
3668.6748 2.31958e-17
3670.7666 2.27119e-17
3672.8589 2.02958e-17
3674.9517 2.13879e-17
3677.0449 2.16949e-17
3679.1382 1.83797e-17
3681.2322 2.54902e-17
3683.3264 2.54838e-17
3685.4209 1.62765e-17
3687.5159 1.74317e-17
3689.6111 1.57658e-17
3691.7068 1.94674e-17
3693.803 2.31141e-17
3695.8994 2.59362e-17
3697.9961 2.02508e-17
3700.0933 3.09244e-17
3702.1907 2.81539e-17
3704.2886 2.89959e-17
3706.3867 1.80172e-17
3708.4854 2.35964e-17
3710.5842 2.77085e-17
3712.6836 3.02433e-17
3714.7832 1.67518e-17
3716.8833 2.78228e-17
3718.9839 2.39135e-17
3721.0845 2.22803e-17
3723.1855 2.75129e-17
3725.2871 2.74734e-17
3727.3889 2.35962e-17
3729.4912 2.08896e-17
3731.5935 3.14955e-17
3733.6965 2.67939e-17
3735.7998 2.67366e-17
3737.9033 2.81077e-17
3740.0071 2.50417e-17
3742.1116 2.20285e-17
3744.2161 2.0478e-17
3746.321 2.52358e-17
3748.4265 2.16337e-17
3750.532 2.9379e-17
3752.6382 1.86296e-17
3754.7444 2.37101e-17
3756.8513 3.02022e-17
3758.9583 2.70436e-17
3761.0657 3.01092e-17
3763.1733 2.39003e-17
3765.2815 2.45432e-17
3767.3899 2.27852e-17
3769.4988 2.41188e-17
3771.6079 2.70701e-17
3773.7173 2.5397e-17
3775.8271 2.35152e-17
3777.9373 2.36567e-17
3780.0476 3.4756e-17
3782.1584 2.75462e-17
3784.2695 2.77356e-17
3786.3811 2.43326e-17
3788.4929 2.94505e-17
3790.605 2.15716e-17
3792.7175 2.58542e-17
3794.8303 2.61e-17
3796.9434 2.8607e-17
3799.0569 3.46855e-17
3801.1707 3.48789e-17
3803.2849 1.95009e-17
3805.3994 2.73604e-17
3807.5142 3.39343e-17
3809.6292 3.03148e-17
3811.7446 2.15497e-17
3813.8604 3.04249e-17
3815.9766 2.89768e-17
3818.093 3.53671e-17
3820.2097 2.6686e-17
3822.3267 2.86714e-17
3824.4441 2.77401e-17
3826.5618 2.80922e-17
3828.6797 2.77035e-17
3830.7981 2.5964e-17
3832.9167 2.56143e-17
3835.0359 3.03042e-17
3837.155 3.15316e-17
3839.2749 3.37377e-17
3841.3948 2.60541e-17
3843.5149 2.97949e-17
3845.6355 3.62944e-17
3847.7563 3.26049e-17
3849.8777 3.0909e-17
3851.999 3.63334e-17
3854.1211 3.49583e-17
3856.2432 3.78821e-17
3858.3655 3.30114e-17
3860.4883 3.20295e-17
3862.6113 3.47613e-17
3864.7349 3.14116e-17
3866.8584 3.60414e-17
3868.9824 3.74674e-17
3871.1067 3.4892e-17
3873.2314 3.91676e-17
3875.3562 3.38891e-17
3877.4814 3.1927e-17
3879.6069 3.78921e-17
3881.7329 3.70562e-17
3883.8589 3.17751e-17
3885.9854 3.93234e-17
3888.1123 3.7402e-17
3890.2393 3.72695e-17
3892.3665 3.93389e-17
3894.4941 3.69806e-17
3896.6221 3.2854e-17
3898.7502 3.61403e-17
3900.8789 3.89716e-17
3903.0078 3.32084e-17
3905.1367 3.86413e-17
3907.2661 3.26017e-17
3909.396 2.89149e-17
3911.5259 3.60107e-17
3913.6562 3.36034e-17
3915.7869 3.94992e-17
3917.9177 3.98544e-17
3920.0488 3.8567e-17
3922.1804 4.19741e-17
3924.312 3.63673e-17
3926.4441 3.75607e-17
3928.5764 3.57437e-17
3930.709 3.66904e-17
3932.842 3.1423e-17
3934.9751 3.44681e-17
3937.1086 3.33101e-17
3939.2424 3.09879e-17
3941.3765 3.75634e-17
3943.511 3.13339e-17
3945.6455 4.02525e-17
3947.7805 3.53049e-17
3949.9155 3.17167e-17
3952.051 3.70558e-17
3954.1868 3.34867e-17
3956.3228 3.82989e-17
3958.459 3.80483e-17
3960.5957 3.91059e-17
3962.7327 3.19653e-17
3964.8696 4.20741e-17
3967.0071 3.38661e-17
3969.1448 4.00977e-17
3971.2827 3.81518e-17
3973.4209 3.45845e-17
3975.5596 3.53687e-17
3977.6982 3.82805e-17
3979.8374 3.66719e-17
3981.9768 4.55387e-17
3984.1162 4.04331e-17
3986.2561 4.16146e-17
3988.3962 4.10531e-17
3990.5366 3.67188e-17
3992.6775 4.25782e-17
3994.8184 4.07766e-17
3996.9595 3.12947e-17
3999.1011 3.35357e-17
4001.2429 4.43407e-17
4003.3848 3.48645e-17
4005.5271 3.74393e-17
4007.6697 4.1051e-17
4009.8125 3.89506e-17
4011.9553 3.8357e-17
4014.0989 4.20156e-17
4016.2424 3.74146e-17
4018.3862 3.84323e-17
4020.5303 3.59074e-17
4022.6748 4.18185e-17
4024.8193 4.26071e-17
4026.9641 3.97795e-17
4029.1094 3.85619e-17
4031.2546 4.07329e-17
4033.4004 4.38166e-17
4035.5464 3.30504e-17
4037.6924 4.08325e-17
4039.8389 3.91063e-17
4041.9856 4.23268e-17
4044.1323 3.4929e-17
4046.2795 4.0351e-17
4048.427 3.53651e-17
4050.5747 3.51213e-17
4052.7227 4.55771e-17
4054.8708 4.01357e-17
4057.0193 3.85153e-17
4059.168 3.60024e-17
4061.3169 4.03938e-17
4063.4661 3.99233e-17
4065.6155 3.62204e-17
4067.7649 4.36376e-17
4069.9148 2.97469e-17
4072.0652 4.11179e-17
4074.2153 4.06339e-17
4076.3662 3.87763e-17
4078.5168 4.85109e-17
4080.6682 4.60286e-17
4082.8193 4.1069e-17
4084.9709 3.97097e-17
4087.1228 3.80658e-17
4089.2749 3.69368e-17
4091.4272 4.29389e-17
4093.5798 3.39768e-17
4095.7324 4.14864e-17
4097.8857 3.99511e-17
4100.0386 3.35816e-17
4102.1924 3.94069e-17
4104.3462 3.62252e-17
4106.5 4.02686e-17
4108.6543 3.93322e-17
4110.8086 4.1012e-17
4112.9634 3.87212e-17
4115.1182 3.71115e-17
4117.2734 4.1316e-17
4119.4287 3.34923e-17
4121.584 3.1881e-17
4123.7402 3.87382e-17
4125.896 4.25617e-17
4128.0522 4.33836e-17
4130.209 4.89855e-17
4132.3657 4.20065e-17
4134.5225 3.76445e-17
4136.6797 3.47779e-17
4138.8369 4.21461e-17
4140.9946 4.18926e-17
4143.1523 4.02708e-17
4145.3105 4.24217e-17
4147.4688 4.10741e-17
4149.6274 4.11166e-17
4151.7861 4.18487e-17
4153.9448 4.10683e-17
4156.104 4.1001e-17
4158.2637 3.81062e-17
4160.4233 4.53624e-17
4162.583 4.45805e-17
4164.7427 4.4343e-17
4166.9033 4.45523e-17
4169.0635 4.50852e-17
4171.2241 4.30343e-17
4173.3853 3.73385e-17
4175.5464 4.49265e-17
4177.7075 4.93582e-17
4179.8691 4.20093e-17
4182.0308 5.14099e-17
4184.1929 4.51129e-17
4186.355 4.35112e-17
4188.5176 4.45985e-17
4190.6802 5.72649e-17
4192.8428 4.79486e-17
4195.0059 4.68371e-17
4197.1689 4.72977e-17
4199.3325 5.1482e-17
4201.4961 4.76245e-17
4203.6597 5.15952e-17
4205.8237 4.71581e-17
4207.9883 4.61621e-17
4210.1523 4.77506e-17
4212.3174 4.96027e-17
4214.4819 5.27775e-17
4216.647 5.36735e-17
4218.8125 4.59425e-17
4220.9775 5.59648e-17
4223.1436 5.58916e-17
4225.3091 6.3886e-17
4227.4751 6.0605e-17
4229.6416 5.04038e-17
4231.8081 4.49068e-17
4233.9746 4.87641e-17
4236.1416 4.71484e-17
4238.3086 5.6142e-17
4240.4756 4.87005e-17
4242.6431 4.64059e-17
4244.8105 4.57503e-17
4246.9785 4.68521e-17
4249.1465 4.16262e-17
4251.3149 3.91218e-17
4253.4829 4.51667e-17
4255.6519 4.59686e-17
4257.8203 4.71226e-17
4259.9893 4.51819e-17
4262.1587 4.3703e-17
4264.3281 4.41772e-17
4266.4976 4.36145e-17
4268.667 4.48826e-17
4270.8369 3.92617e-17
4273.0073 3.73945e-17
4275.1772 4.73126e-17
4277.3477 3.91499e-17
4279.5186 4.05612e-17
4281.689 4.50419e-17
4283.8604 4.3196e-17
4286.0312 4.3697e-17
4288.2026 4.49703e-17
4290.3745 4.54965e-17
4292.5459 4.01927e-17
4294.7178 4.39271e-17
4296.8901 4.44858e-17
4299.0625 3.70273e-17
4301.2349 3.78573e-17
4303.4072 3.48665e-17
4305.5801 3.46457e-17
4307.7534 3.86227e-17
4309.9263 3.68689e-17
4312.0996 4.48453e-17
4314.2734 4.316e-17
4316.4468 4.14699e-17
4318.6206 3.67541e-17
4320.7949 4.04696e-17
4322.9688 3.91725e-17
4325.1431 3.87714e-17
4327.3179 3.71029e-17
4329.4927 4.30044e-17
4331.6675 4.27765e-17
4333.8423 3.77365e-17
4336.0176 4.24512e-17
4338.1929 3.6975e-17
4340.3687 3.19686e-17
4342.5444 3.3714e-17
4344.7202 3.73728e-17
4346.8965 3.95602e-17
4349.0728 3.22655e-17
4351.249 3.60097e-17
4353.4253 3.70022e-17
4355.6025 3.63059e-17
4357.7793 3.80165e-17
4359.9561 4.84534e-17
4362.1333 3.90313e-17
4364.311 4.21231e-17
4366.4883 4.88151e-17
4368.666 4.77574e-17
4370.8438 4.43143e-17
4373.022 4.27814e-17
4375.2002 4.27462e-17
4377.3784 5.02443e-17
4379.5566 5.29137e-17
4381.7354 5.42839e-17
4383.9141 5.37715e-17
4386.0933 4.94887e-17
4388.2725 5.13309e-17
4390.4517 4.95929e-17
4392.6309 5.66659e-17
4394.8105 5.42364e-17
4396.9902 5.11893e-17
4399.1704 4.87046e-17
4401.3501 4.81139e-17
4403.5303 4.93323e-17
4405.7109 5.10871e-17
4407.8911 4.7696e-17
4410.0718 5.144e-17
4412.2529 5.19934e-17
4414.4336 5.23681e-17
4416.6147 6.21806e-17
4418.7959 5.73436e-17
4420.9775 5.59509e-17
4423.1587 6.02727e-17
4425.3403 6.24476e-17
4427.5225 6.16696e-17
4429.7041 5.91647e-17
4431.8862 6.66796e-17
4434.0684 6.0493e-17
4436.251 6.69963e-17
4438.4336 5.76764e-17
4440.6162 6.56233e-17
4442.7988 5.9166e-17
4444.9819 6.40893e-17
4447.165 6.605e-17
4449.3481 5.99516e-17
4451.5317 5.78424e-17
4453.7153 5.86277e-17
4455.8989 5.75499e-17
4458.0825 5.15702e-17
4460.2666 5.90843e-17
4462.4507 5.84575e-17
4464.6348 5.92065e-17
4466.8193 6.17625e-17
4469.0034 5.8679e-17
4471.188 5.73754e-17
4473.373 6.48923e-17
4475.5576 6.08535e-17
4477.7427 6.62582e-17
4479.9282 6.56347e-17
4482.1133 6.77601e-17
4484.2988 6.53836e-17
4486.4844 5.89534e-17
4488.6699 6.28089e-17
4490.8555 6.39397e-17
4493.0415 5.73303e-17
4495.2275 5.4621e-17
4497.4136 5.29573e-17
4499.6001 5.00909e-17
4501.7866 5.7498e-17
4503.9731 5.30671e-17
4506.1597 5.36989e-17
4508.3467 6.48157e-17
4510.5337 6.24059e-17
4512.7207 6.17283e-17
4514.9077 6.91578e-17
4517.0952 6.56279e-17
4519.2827 6.61961e-17
4521.4702 7.10715e-17
4523.6577 6.72048e-17
4525.8457 6.76369e-17
4528.0337 6.09866e-17
4530.2217 6.71412e-17
4532.4097 6.24513e-17
4534.5977 6.56507e-17
4536.7861 6.6273e-17
4538.9751 6.84268e-17
4541.1636 6.90068e-17
4543.3521 6.49978e-17
4545.541 6.87864e-17
4547.73 6.58763e-17
4549.9194 6.73571e-17
4552.1084 6.73215e-17
4554.2979 6.5781e-17
4556.4873 6.35156e-17
4558.6768 6.29896e-17
4560.8662 6.84112e-17
4563.0562 6.00188e-17
4565.2461 7.01185e-17
4567.436 6.18893e-17
4569.626 6.66632e-17
4571.8164 6.60648e-17
4574.0068 6.19329e-17
4576.1973 6.92788e-17
4578.3877 6.27332e-17
4580.5786 6.72111e-17
4582.769 6.12482e-17
4584.96 6.58399e-17
4587.1509 5.99168e-17
4589.3423 6.2812e-17
4591.5332 6.25752e-17
4593.7246 6.66875e-17
4595.916 6.17156e-17
4598.1074 6.27492e-17
4600.2993 6.01018e-17
4602.4907 5.86354e-17
4604.6826 6.59291e-17
4606.8745 5.98324e-17
4609.0664 6.25223e-17
4611.2588 6.20864e-17
4613.4512 5.48966e-17
4615.6431 6.13004e-17
4617.8359 6.08418e-17
4620.0283 6.03022e-17
4622.2207 5.5069e-17
4624.4136 6.26198e-17
4626.6064 6.1359e-17
4628.7993 6.05168e-17
4630.9922 5.83517e-17
4633.1855 5.75719e-17
4635.3789 5.93618e-17
4637.5718 6.51298e-17
4639.7656 5.95378e-17
4641.959 5.46298e-17
4644.1523 5.78147e-17
4646.3462 5.62251e-17
4648.54 5.47304e-17
4650.7339 5.93188e-17
4652.9277 6.05173e-17
4655.1216 5.57658e-17
4657.3159 6.12929e-17
4659.5103 5.77517e-17
4661.7046 5.87444e-17
4663.8989 6.38938e-17
4666.0933 5.70082e-17
4668.2881 5.71194e-17
4670.4829 5.9869e-17
4672.6777 5.83829e-17
4674.8721 5.62641e-17
4677.0674 6.20513e-17
4679.2622 6.29069e-17
4681.4575 5.17721e-17
4683.6528 5.9651e-17
4685.8477 5.45713e-17
4688.0435 6.20069e-17
4690.2388 5.6223e-17
4692.4341 6.48361e-17
4694.6299 6.21462e-17
4696.8257 5.65646e-17
4699.0215 5.54522e-17
4701.2173 5.60481e-17
4703.4131 6.06245e-17
4705.6094 5.20846e-17
4707.8052 6.04731e-17
4710.0015 5.80064e-17
4712.1978 5.82575e-17
4714.394 5.44205e-17
4716.5903 5.89957e-17
4718.7871 5.76091e-17
4720.9834 5.5008e-17
4723.1802 5.70663e-17
4725.377 5.71451e-17
4727.5737 5.08841e-17
4729.7705 5.65479e-17
4731.9678 5.89339e-17
4734.1646 5.26735e-17
4736.3618 5.476e-17
4738.5591 5.69598e-17
4740.7563 4.94895e-17
4742.9536 5.78173e-17
4745.1509 5.66058e-17
4747.3486 6.10545e-17
4749.5459 5.53402e-17
4751.7437 6.13749e-17
4753.9414 5.88676e-17
4756.1392 5.67734e-17
4758.3369 6.23351e-17
4760.5347 5.94032e-17
4762.7329 5.85142e-17
4764.9307 6.12986e-17
4767.1289 5.50022e-17
4769.3271 6.19138e-17
4771.5254 5.16541e-17
4773.7236 6.13777e-17
4775.9219 5.85436e-17
4778.1206 6.00239e-17
4780.3193 6.12921e-17
4782.5176 5.77686e-17
4784.7163 6.06302e-17
4786.915 5.94415e-17
4789.1138 5.18022e-17
4791.3125 5.66346e-17
4793.5117 5.47878e-17
4795.7104 6.15814e-17
4797.9092 5.31325e-17
4800.1084 5.43713e-17
4802.3076 5.45709e-17
4804.5068 5.81696e-17
4806.7061 5.82857e-17
4808.9053 6.36539e-17
4811.105 6.11676e-17
4813.3042 5.91361e-17
4815.5039 6.21953e-17
4817.7031 5.88458e-17
4819.9028 6.26956e-17
4822.1025 5.44614e-17
4824.3022 6.13023e-17
4826.502 6.07544e-17
4828.7017 6.26297e-17
4830.9019 6.74174e-17
4833.1016 6.59164e-17
4835.3018 6.38029e-17
4837.502 6.18407e-17
4839.7017 5.93901e-17
4841.9023 5.96164e-17
4844.1025 6.56581e-17
4846.3027 6.37827e-17
4848.5029 6.49115e-17
4850.7031 7.24511e-17
4852.9038 5.80855e-17
4855.104 6.43986e-17
4857.3047 6.54889e-17
4859.5054 6.5912e-17
4861.7061 5.40819e-17
4863.9067 6.57772e-17
4866.1074 6.80661e-17
4868.3081 6.51989e-17
4870.5088 6.5075e-17
4872.71 6.12922e-17
4874.9106 6.12303e-17
4877.1118 6.0886e-17
4879.313 6.09312e-17
4881.5137 5.81213e-17
4883.7148 6.58535e-17
4885.916 6.02372e-17
4888.1172 5.89625e-17
4890.3184 6.23221e-17
4892.52 6.5109e-17
4894.7212 6.38278e-17
4896.9224 6.85774e-17
4899.124 6.42244e-17
4901.3252 6.15153e-17
4903.5269 6.03878e-17
4905.7285 6.62913e-17
4907.9302 6.52044e-17
4910.1318 6.33691e-17
4912.3335 6.53869e-17
4914.5352 6.72098e-17
4916.7368 7.08705e-17
4918.9385 7.13315e-17
4921.1406 6.81606e-17
4923.3423 6.35538e-17
4925.5439 5.99826e-17
4927.7461 6.82725e-17
4929.9482 6.14478e-17
4932.1499 5.53835e-17
4934.3521 5.59679e-17
4936.5542 5.91169e-17
4938.7563 5.72975e-17
4940.9585 6.17367e-17
4943.1606 6.07596e-17
4945.3628 6.07503e-17
4947.5654 6.24716e-17
4949.7676 6.16074e-17
4951.9697 5.87665e-17
4954.1724 6.03171e-17
4956.3745 5.84664e-17
4958.5771 5.56108e-17
4960.7793 5.75818e-17
4962.9819 5.77694e-17
4965.1846 5.65905e-17
4967.3872 5.28929e-17
4969.5898 5.53049e-17
4971.792 5.23141e-17
4973.9951 5.61752e-17
4976.1978 5.6524e-17
4978.4004 5.78308e-17
4980.603 5.26475e-17
4982.8057 5.93876e-17
4985.0088 5.35083e-17
4987.2114 5.06933e-17
4989.4141 5.50934e-17
4991.6172 5.48688e-17
4993.8198 5.60796e-17
4996.0229 5.19244e-17
4998.2261 5.5842e-17
5000.4287 6.03752e-17
5002.6318 5.51612e-17
5004.835 5.51097e-17
5007.0381 5.13535e-17
5009.2412 5.98236e-17
5011.4443 5.94672e-17
5013.6475 6.03654e-17
5015.8506 5.84383e-17
5018.0537 5.77818e-17
5020.2568 5.56696e-17
5022.46 5.81848e-17
5024.6631 5.34031e-17
5026.8667 5.78142e-17
5029.0698 5.58854e-17
5031.2729 6.28518e-17
5033.4766 6.2296e-17
5035.6797 6.32805e-17
5037.8833 5.54753e-17
5040.0864 6.13792e-17
5042.29 5.81748e-17
5044.4932 6.40056e-17
5046.6968 6.28713e-17
5048.9004 5.45025e-17
5051.1035 5.74528e-17
5053.3071 6.33904e-17
5055.5107 6.14946e-17
5057.7144 6.09915e-17
5059.918 5.92225e-17
5062.1216 6.18314e-17
5064.3247 6.33419e-17
5066.5283 6.33424e-17
5068.7319 6.70427e-17
5070.936 7.00475e-17
5073.1392 7.34045e-17
5075.3428 6.67644e-17
5077.5469 5.96742e-17
5079.7505 6.9893e-17
5081.9541 6.43157e-17
5084.1577 6.15099e-17
5086.3613 6.92497e-17
5088.5654 7.19467e-17
5090.769 6.67159e-17
5092.9727 6.79552e-17
5095.1763 7.06161e-17
5097.3804 6.9953e-17
5099.584 6.97823e-17
5101.7876 7.33671e-17
5103.9917 7.43898e-17
5106.1953 7.11941e-17
5108.3994 7.11059e-17
5110.603 7.81792e-17
5112.8071 7.48092e-17
5115.0107 7.08488e-17
5117.2148 7.08499e-17
5119.4185 6.66792e-17
5121.6221 7.30198e-17
5123.8262 7.02918e-17
5126.0303 7.5673e-17
5128.2339 7.82351e-17
5130.438 7.50471e-17
5132.6416 7.13396e-17
5134.8457 6.61027e-17
5137.0498 6.96779e-17
5139.2534 7.25402e-17
5141.4575 7.10309e-17
5143.6611 7.67825e-17
5145.8652 8.2189e-17
5148.0693 6.79987e-17
5150.2729 8.14877e-17
5152.4771 8.15828e-17
5154.6812 7.4038e-17
5156.8848 7.77757e-17
5159.0889 8.00579e-17
5161.293 7.29412e-17
5163.4966 7.80044e-17
5165.7007 7.5682e-17
5167.9048 8.05884e-17
5170.1089 7.87107e-17
5172.3125 7.796e-17
5174.5166 8.01585e-17
5176.7207 8.57591e-17
5178.9243 7.59703e-17
5181.1284 7.70707e-17
5183.3325 7.33677e-17
5185.5361 7.71415e-17
5187.7402 7.80663e-17
5189.9443 7.94259e-17
5192.1484 7.68393e-17
5194.3521 7.77853e-17
5196.5562 8.01219e-17
5198.7598 7.99763e-17
5200.9639 7.74742e-17
5203.168 7.99833e-17
5205.3716 7.82531e-17
5207.5757 7.8745e-17
5209.7798 7.99247e-17
5211.9834 7.31788e-17
5214.1875 7.77125e-17
5216.3911 6.9253e-17
5218.5952 7.89843e-17
5220.7993 8.16599e-17
5223.0029 7.49239e-17
5225.207 7.85483e-17
5227.4106 7.66328e-17
5229.6147 7.31713e-17
5231.8184 7.97441e-17
5234.0225 7.11601e-17
5236.2261 7.20163e-17
5238.4302 7.59508e-17
5240.6338 7.45002e-17
5242.8379 7.22584e-17
5245.0415 6.79839e-17
5247.2451 7.1743e-17
5249.4492 7.27221e-17
5251.6528 7.51867e-17
5253.8564 7.18785e-17
5256.0605 7.10357e-17
5258.2642 6.85101e-17
5260.4678 7.08879e-17
5262.6714 6.97425e-17
5264.8755 7.12128e-17
5267.0791 7.08765e-17
5269.2827 6.69215e-17
5271.4863 7.05503e-17
5273.6899 6.96458e-17
5275.894 6.6978e-17
5278.0972 6.76169e-17
5280.3013 6.92599e-17
5282.5049 6.59113e-17
5284.7085 6.50927e-17
5286.9121 7.0074e-17
5289.1157 6.358e-17
5291.3193 5.74103e-17
5293.5225 6.68953e-17
5295.7261 6.40538e-17
5297.9297 6.12439e-17
5300.1333 6.43143e-17
5302.3369 6.21386e-17
5304.54 5.92322e-17
5306.7437 6.27584e-17
5308.9473 6.3598e-17
5311.1504 5.81111e-17
5313.354 6.55355e-17
5315.5576 5.90387e-17
5317.7607 6.10445e-17
5319.9639 6.13724e-17
5322.1675 6.28827e-17
5324.3706 6.5847e-17
5326.5742 5.53072e-17
5328.7773 5.80422e-17
5330.9805 6.58082e-17
5333.1841 6.20302e-17
5335.3872 6.42902e-17
5337.5903 6.05947e-17
5339.7935 5.38929e-17
5341.9966 5.63429e-17
5344.2002 6.23432e-17
5346.4033 6.28652e-17
5348.6064 6.62153e-17
5350.8096 6.23762e-17
5353.0127 5.44002e-17
5355.2158 6.19583e-17
5357.4185 6.62516e-17
5359.6216 5.94522e-17
5361.8247 6.25085e-17
5364.0278 6.33439e-17
5366.2305 5.61135e-17
5368.4336 6.24879e-17
5370.6367 6.72942e-17
5372.8394 5.96413e-17
5375.042 5.8829e-17
5377.2451 6.17325e-17
5379.4478 6.5767e-17
5381.6509 6.5345e-17
5383.8535 6.97809e-17
5386.0562 6.65791e-17
5388.2588 5.94436e-17
5390.4619 6.33372e-17
5392.6646 6.11484e-17
5394.8672 6.64206e-17
5397.0698 6.23155e-17
5399.2725 6.1532e-17
5401.4751 6.43939e-17
5403.6777 6.00419e-17
5405.8799 6.67128e-17
5408.0825 7.3145e-17
5410.2852 6.46752e-17
5412.4873 6.53474e-17
5414.6899 6.47925e-17
5416.8926 6.53665e-17
5419.0947 6.77484e-17
5421.2969 5.84252e-17
5423.4995 6.32206e-17
5425.7017 6.68544e-17
5427.9043 6.55029e-17
5430.1064 6.86479e-17
5432.3086 6.43998e-17
5434.5107 7.1704e-17
5436.7129 6.59469e-17
5438.915 6.90863e-17
5441.1172 6.70875e-17
5443.3193 6.64753e-17
5445.5215 7.00965e-17
5447.7236 6.77155e-17
5449.9253 6.58098e-17
5452.1274 6.54444e-17
5454.3291 7.89918e-17
5456.5312 7.28209e-17
5458.7329 6.67244e-17
5460.9351 7.26399e-17
5463.1367 7.08569e-17
5465.3384 7.03658e-17
5467.5405 6.22207e-17
5469.7422 7.29647e-17
5471.9438 6.92805e-17
5474.1455 6.36627e-17
5476.3472 6.55942e-17
5478.5488 7.20554e-17
5480.7505 6.48147e-17
5482.9517 6.89191e-17
5485.1533 6.19172e-17
5487.355 6.63737e-17
5489.5566 6.32519e-17
5491.7578 7.15801e-17
5493.959 6.05361e-17
5496.1606 6.52494e-17
5498.3618 6.4575e-17
5500.563 5.96286e-17
5502.7646 6.17284e-17
5504.9658 7.16831e-17
5507.167 7.00237e-17
5509.3682 8.71411e-17
5511.5693 8.07302e-17
5513.7705 7.27753e-17
5515.9712 6.10311e-17
5518.1724 5.78204e-17
5520.3735 5.88979e-17
5522.5742 5.83142e-17
5524.7754 5.78745e-17
5526.9761 6.2242e-17
5529.1772 7.17834e-17
5531.3779 6.41414e-17
5533.5786 6.43315e-17
5535.7793 6.96674e-17
5537.98 6.77817e-17
5540.1807 6.24671e-17
5542.3818 6.24994e-17
5544.582 7.2555e-17
5546.7827 6.13449e-17
5548.9834 7.48336e-17
5551.1841 7.00414e-17
5553.3843 7.33365e-17
5555.585 7.21693e-17
5557.7852 6.88971e-17
5559.9858 6.63123e-17
5562.186 6.75084e-17
5564.3862 7.20289e-17
5566.5864 7.10558e-17
5568.7866 6.87233e-17
5570.9868 6.57763e-17
5573.187 5.48159e-17
5575.3872 5.79606e-17
5577.5874 7.67882e-17
5579.7876 6.48926e-17
5581.9873 7.47047e-17
5584.1875 7.69727e-17
5586.3872 7.37943e-17
5588.5874 6.85297e-17
5590.7871 7.41155e-17
5592.9868 7.62242e-17
5595.1865 6.54395e-17
5597.3862 6.81859e-17
5599.5859 7.1231e-17
5601.7856 8.18252e-17
5603.9854 6.78207e-17
5606.1851 6.86119e-17
5608.3848 7.36758e-17
5610.584 7.94943e-17
5612.7837 6.96591e-17
5614.9829 7.0201e-17
5617.1826 6.99212e-17
5619.3818 8.24075e-17
5621.5811 7.11815e-17
5623.7803 7.61142e-17
5625.9795 6.70907e-17
5628.1787 6.87772e-17
5630.3779 7.63716e-17
5632.5771 7.79289e-17
5634.7764 7.36544e-17
5636.9751 7.60687e-17
5639.1743 7.88667e-17
5641.3735 6.40763e-17
5643.5723 6.84015e-17
5645.771 6.97812e-17
5647.9702 6.5002e-17
5650.1689 6.80969e-17
5652.3677 6.84606e-17
5654.5664 5.78588e-17
5656.7651 6.00402e-17
5658.9639 6.42066e-17
5661.1621 7.92776e-17
5662.1914 5.28893e-17
5663.3379 6.07175e-17
5664.4844 5.89763e-17
5665.6309 6.90622e-17
5666.7778 7.29986e-17
5667.9243 5.67404e-17
5669.0713 5.42093e-17
5670.2178 6.59524e-17
5671.3647 6.22534e-17
5672.5112 6.45883e-17
5673.6582 7.06629e-17
5674.8052 6.11684e-17
5675.9517 5.42391e-17
5677.0991 6.00952e-17
5678.2456 5.66047e-17
5679.3926 6.14148e-17
5680.54 6.26319e-17
5681.687 5.79954e-17
5682.834 5.01384e-17
5683.981 6.37594e-17
5685.1284 5.94599e-17
5686.2754 6.86733e-17
5687.4224 7.13999e-17
5688.5698 6.50041e-17
5689.7173 5.71381e-17
5690.8643 5.49247e-17
5692.0117 5.51849e-17
5693.1592 5.40396e-17
5694.3066 6.36379e-17
5695.4541 5.53203e-17
5696.6016 7.42605e-17
5697.749 6.59033e-17
5698.8965 7.06781e-17
5700.0444 7.44142e-17
5701.1919 6.27926e-17
5702.3394 6.0924e-17
5703.4873 7.0997e-17
5704.6348 6.70274e-17
5705.7827 5.88878e-17
5706.9302 5.86691e-17
5708.0781 6.63221e-17
5709.2261 7.42226e-17
5710.374 6.75613e-17
5711.522 5.88582e-17
5712.6699 7.39426e-17
5713.8179 5.62942e-17
5714.9658 6.2568e-17
5716.1138 6.19119e-17
5717.2617 6.215e-17
5718.4097 6.14039e-17
5719.5581 6.86265e-17
5720.7061 5.63833e-17
5721.8545 6.54256e-17
5723.0024 6.33305e-17
5724.1509 6.77045e-17
5725.2993 6.68373e-17
5726.4473 5.89315e-17
5727.5957 5.51683e-17
5728.7441 7.11006e-17
5729.8926 7.23299e-17
5731.041 6.40488e-17
5732.1899 6.50558e-17
5733.3384 6.33751e-17
5734.4868 5.92335e-17
5735.6353 7.01504e-17
5736.7842 7.43156e-17
5737.9326 6.99413e-17
5739.0815 6.70006e-17
5740.23 5.98676e-17
5741.3789 6.77553e-17
5742.5278 6.65204e-17
5743.6768 6.89233e-17
5744.8257 5.91785e-17
5745.9746 5.88042e-17
5747.1235 6.57789e-17
5748.2725 6.58877e-17
5749.4214 5.7754e-17
5750.5703 5.65638e-17
5751.7197 6.68672e-17
5752.8687 6.04062e-17
5754.0176 6.75642e-17
5755.167 6.38749e-17
5756.3159 7.1969e-17
5757.4653 6.4062e-17
5758.6147 6.18301e-17
5759.7642 6.10489e-17
5760.9131 5.35596e-17
5762.0625 6.59136e-17
5763.2119 5.57538e-17
5764.3618 7.03779e-17
5765.5112 6.01601e-17
5766.6606 6.98466e-17
5767.8101 5.189e-17
5768.9595 6.04439e-17
5770.1094 7.84862e-17
5771.2588 6.18494e-17
5772.4087 6.87429e-17
5773.5586 7.22256e-17
5774.708 7.32193e-17
5775.8579 7.04568e-17
5777.0078 6.0402e-17
5778.1577 5.32943e-17
5779.3076 6.46666e-17
5780.4575 6.36935e-17
5781.6074 7.18473e-17
5782.7573 7.04531e-17
5783.9077 5.93463e-17
5785.0576 5.91264e-17
5786.2075 6.88102e-17
5787.3579 6.9646e-17
5788.5078 6.97725e-17
5789.6582 6.39868e-17
5790.8086 6.36816e-17
5791.9585 6.40189e-17
5793.1089 6.707e-17
5794.2593 6.11631e-17
5795.4097 6.46279e-17
5796.5601 6.63221e-17
5797.7104 6.8122e-17
5798.8613 6.49982e-17
5800.0117 6.96731e-17
5801.1621 6.03906e-17
5802.313 6.66152e-17
5803.4634 6.46378e-17
5804.6138 6.29899e-17
5805.7646 7.00117e-17
5806.9155 6.97549e-17
5808.0664 7.41964e-17
5809.2168 6.68356e-17
5810.3677 6.75795e-17
5811.5186 6.43908e-17
5812.6694 6.44501e-17
5813.8208 7.35295e-17
5814.9717 6.53075e-17
5816.1226 6.04616e-17
5817.2734 7.04729e-17
5818.4248 6.16338e-17
5819.5757 7.6968e-17
5820.7271 6.51277e-17
5821.8779 7.31736e-17
5823.0293 5.75852e-17
5824.1807 6.49993e-17
5825.332 6.33202e-17
5826.4834 6.45032e-17
5827.6348 6.50173e-17
5828.7861 7.29649e-17
5829.9375 5.68588e-17
5831.0889 6.54268e-17
5832.2402 6.67557e-17
5833.3921 6.77493e-17
5834.5435 5.70896e-17
5835.6948 5.72916e-17
5836.8467 6.46688e-17
5837.9985 6.24398e-17
5839.1499 7.04154e-17
5840.3018 6.57771e-17
5841.4536 6.07967e-17
5842.6055 7.05108e-17
5843.7573 6.38092e-17
5844.9092 6.84042e-17
5846.061 7.14124e-17
5847.2129 6.40178e-17
5848.3652 6.98768e-17
5849.5171 6.87348e-17
5850.6689 7.33692e-17
5851.8213 6.94759e-17
5852.9736 6.84377e-17
5854.1255 6.70265e-17
5855.2778 7.06462e-17
5856.4302 6.58822e-17
5857.5825 6.59193e-17
5858.7344 5.92801e-17
5859.8867 6.96258e-17
5861.0391 6.27313e-17
5862.1919 6.1606e-17
5863.3442 7.56774e-17
5864.4966 7.12416e-17
5865.6494 6.49474e-17
5866.8018 7.37453e-17
5867.9541 6.22574e-17
5869.1069 7.48143e-17
5870.2598 6.79481e-17
5871.4126 6.7481e-17
5872.5649 6.62914e-17
5873.7178 6.34743e-17
5874.8706 7.02044e-17
5876.0234 6.6144e-17
5877.1763 6.97594e-17
5878.3291 6.09545e-17
5879.4824 7.04925e-17
5880.6353 6.96685e-17
5881.7881 6.94431e-17
5882.9414 7.31584e-17
5884.0947 6.5268e-17
5885.2476 6.95409e-17
5886.4009 7.18891e-17
5887.5542 5.95369e-17
5888.707 6.28287e-17
5889.8604 7.45913e-17
5891.0137 6.93089e-17
5892.167 7.26812e-17
5893.3203 7.36212e-17
5894.4741 7.84263e-17
5895.6274 7.74121e-17
5896.7808 8.08259e-17
5897.9346 6.68992e-17
5899.0879 7.05033e-17
5900.2417 6.60664e-17
5901.395 6.71346e-17
5902.5488 7.3488e-17
5903.7026 5.97537e-17
5904.8564 6.81765e-17
5906.0103 7.3833e-17
5907.1641 7.51526e-17
5908.3179 8.40746e-17
5909.4717 7.07247e-17
5910.6255 7.39549e-17
5911.7793 7.17883e-17
5912.9336 8.12183e-17
5914.0874 7.437e-17
5915.2417 6.95043e-17
5916.3955 6.97214e-17
5917.5498 7.28693e-17
5918.7041 7.12384e-17
5919.8584 7.03672e-17
5921.0127 7.18753e-17
5922.167 6.35248e-17
5923.3213 7.33617e-17
5924.4756 7.74558e-17
5925.6299 7.29329e-17
5926.7842 8.14954e-17
5927.939 7.20204e-17
5929.0933 7.39709e-17
5930.2476 7.25141e-17
5931.4023 7.76751e-17
5932.5571 7.5438e-17
5933.7114 8.25003e-17
5934.8662 7.1167e-17
5936.021 7.6348e-17
5937.1758 8.11068e-17
5938.3306 7.30472e-17
5939.4854 7.61441e-17
5940.6401 8.1628e-17
5941.7954 6.75261e-17
5942.9502 7.33459e-17
5944.105 8.41103e-17
5945.2603 7.00663e-17
5946.415 8.10284e-17
5947.5703 6.58594e-17
5948.7251 6.39907e-17
5949.8804 7.72653e-17
5951.0356 7.37628e-17
5952.1909 7.67602e-17
5953.3462 7.98397e-17
5954.5015 7.24522e-17
5955.6567 7.77917e-17
5956.812 6.92748e-17
5957.9678 8.1581e-17
5959.123 7.40404e-17
5960.2783 7.84203e-17
5961.4341 7.74701e-17
5962.5898 8.35227e-17
5963.7451 6.65226e-17
5964.9009 6.59351e-17
5966.0566 8.67763e-17
5967.2119 7.74709e-17
5968.3677 7.93857e-17
5969.5234 7.61892e-17
5970.6792 7.05688e-17
5971.8354 7.11472e-17
5972.9912 7.66656e-17
5974.147 7.43656e-17
5975.3032 7.24029e-17
5976.459 7.11905e-17
5977.6152 7.51636e-17
5978.771 6.92538e-17
5979.9272 7.1033e-17
5981.0835 7.9657e-17
5982.2393 8.32031e-17
5983.3955 7.27135e-17
5984.5518 7.75691e-17
5985.7085 7.89827e-17
5986.8647 6.98323e-17
5988.021 7.01901e-17
5989.1772 8.98409e-17
5990.3335 8.31867e-17
5991.4902 8.47184e-17
5992.6465 8.01814e-17
5993.8032 7.31979e-17
5994.96 8.014e-17
5996.1162 8.38996e-17
5997.2729 7.226e-17
5998.4297 7.60639e-17
5999.5864 7.84653e-17
6000.7432 7.43084e-17
6001.8999 7.53526e-17
6003.0571 7.50642e-17
6004.2139 7.3417e-17
6005.3706 6.57045e-17
6006.5278 7.89227e-17
6007.6846 6.43693e-17
6008.8418 6.66509e-17
6009.9985 7.32572e-17
6011.1558 7.789e-17
6012.313 8.32166e-17
6013.4702 8.00913e-17
6014.6274 7.65651e-17
6015.7842 7.7997e-17
6016.9419 7.99543e-17
6018.0991 7.35511e-17
6019.2563 8.38866e-17
6020.4136 7.79069e-17
6021.5713 7.98087e-17
6022.7285 7.82463e-17
6023.8862 7.2423e-17
6025.0435 7.71403e-17
6026.2012 7.05798e-17
6027.3589 8.0336e-17
6028.5161 6.48995e-17
6029.6738 7.76017e-17
6030.8315 8.16268e-17
6031.9893 7.68308e-17
6033.1475 7.00705e-17
6034.3052 7.1625e-17
6035.4629 6.75131e-17
6036.6206 7.27282e-17
6037.7788 7.5537e-17
6038.9365 6.38405e-17
6040.0947 6.43875e-17
6041.2529 7.27489e-17
6042.4106 6.77751e-17
6043.5688 7.23256e-17
6044.7271 7.04764e-17
6045.8853 7.3713e-17
6047.0435 7.55126e-17
6048.2017 7.45429e-17
6049.3599 7.59416e-17
6050.5186 7.08629e-17
6051.6768 7.61169e-17
6052.835 6.40845e-17
6053.9937 6.94826e-17
6055.1519 7.32137e-17
6056.3105 6.81306e-17
6057.4692 6.74684e-17
6058.6279 7.93877e-17
6059.7861 7.29874e-17
6060.9448 7.47759e-17
6062.1035 7.31193e-17
6063.2622 7.4141e-17
6064.4214 7.08085e-17
6065.5801 7.27129e-17
6066.7388 6.46171e-17
6067.8975 7.27873e-17
6069.0566 7.46871e-17
6070.2158 7.57373e-17
6071.3745 7.93174e-17
6072.5337 7.04303e-17
6073.6924 7.18441e-17
6074.8516 6.81566e-17
6076.0107 7.83993e-17
6077.1699 6.83019e-17
6078.3291 6.92057e-17
6079.4883 7.47578e-17
6080.6479 6.45772e-17
6081.8071 7.76515e-17
6082.9663 7.1334e-17
6084.126 6.96677e-17
6085.2852 7.23849e-17
6086.4448 6.74138e-17
6087.6045 6.881e-17
6088.7637 7.35875e-17
6089.9233 6.89163e-17
6091.083 7.20067e-17
6092.2427 6.6404e-17
6093.4023 6.65718e-17
6094.562 7.3411e-17
6095.7217 7.12822e-17
6096.8818 7.26478e-17
6098.0415 7.00906e-17
6099.2012 7.1958e-17
6100.3613 6.83552e-17
6101.521 6.99913e-17
6102.6812 7.4177e-17
6103.8413 7.05197e-17
6105.001 7.47571e-17
6106.1611 6.40866e-17
6107.3213 7.24008e-17
6108.4814 7.02956e-17
6109.6416 7.6823e-17
6110.8018 7.86097e-17
6111.9624 6.75653e-17
6113.1226 7.19482e-17
6114.2827 6.14238e-17
6115.4434 7.5723e-17
6116.6035 7.06984e-17
6117.7642 6.32533e-17
6118.9248 7.51798e-17
6120.085 6.51065e-17
6121.2456 6.72593e-17
6122.4062 7.04022e-17
6123.5669 6.62501e-17
6124.7275 7.38136e-17
6125.8882 7.14571e-17
6127.0493 6.49906e-17
6128.21 6.68698e-17
6129.3706 7.00007e-17
6130.5317 6.13672e-17
6131.6924 7.1173e-17
6132.8535 6.94895e-17
6134.0142 6.88088e-17
6135.1753 6.05425e-17
6136.3364 7.011e-17
6137.4976 6.55912e-17
6138.6587 7.2772e-17
6139.8198 6.69977e-17
6140.981 6.6402e-17
6142.1421 6.78845e-17
6143.3032 7.00461e-17
6144.4648 7.53424e-17
6145.626 7.59179e-17
6146.7876 6.86251e-17
6147.9487 7.18547e-17
6149.1104 7.03381e-17
6150.2715 6.31604e-17
6151.4331 6.90323e-17
6152.5947 7.16366e-17
6153.7563 7.02296e-17
6154.918 6.26145e-17
6156.0796 6.43249e-17
6157.2412 7.15746e-17
6158.4033 7.57394e-17
6159.5649 6.9935e-17
6160.7266 5.99596e-17
6161.8887 6.85937e-17
6163.0503 7.79533e-17
6164.2124 6.57643e-17
6165.3745 7.24241e-17
6166.5361 6.39211e-17
6167.6982 8.29739e-17
6168.8604 7.11047e-17
6170.0225 7.09546e-17
6171.1846 6.30838e-17
6172.3467 6.97375e-17
6173.5088 6.49679e-17
6174.6714 6.40633e-17
6175.8335 6.096e-17
6176.9956 7.01431e-17
6178.1582 8.47713e-17
6179.3208 6.88971e-17
6180.4829 8.02156e-17
6181.6455 6.91758e-17
6182.8081 7.32342e-17
6183.9707 6.94042e-17
6185.1333 8.13345e-17
6186.2959 7.04589e-17
6187.4585 6.69633e-17
6188.6211 7.50208e-17
6189.7837 6.84876e-17
6190.9463 7.15972e-17
6192.1094 6.97544e-17
6193.272 7.00579e-17
6194.4351 7.30785e-17
6195.5977 7.25911e-17
6196.7607 7.65897e-17
6197.9238 5.78142e-17
6199.0869 7.4611e-17
6200.25 8.3187e-17
6201.4131 8.03447e-17
6202.5762 6.99141e-17
6203.7393 7.69024e-17
6204.9023 7.07419e-17
6206.0654 6.69803e-17
6207.229 6.90651e-17
6208.3921 6.59997e-17
6209.5557 7.44044e-17
6210.7188 7.00391e-17
6211.8823 7.33459e-17
6213.0459 6.95686e-17
6214.209 6.6728e-17
6215.3726 7.35389e-17
6216.5361 7.25503e-17
6217.6997 7.23363e-17
6218.8633 6.67026e-17
6220.0273 6.35768e-17
6221.1909 5.91634e-17
6222.3545 6.55364e-17
6223.5181 7.20625e-17
6224.6821 6.62649e-17
6225.8462 7.00101e-17
6227.0098 6.55725e-17
6228.1738 7.12588e-17
6229.3379 6.41118e-17
6230.5015 6.51304e-17
6231.6655 7.41241e-17
6232.8296 7.00181e-17
6233.9941 7.53464e-17
6235.1582 6.08671e-17
6236.3223 7.91845e-17
6237.4863 6.50223e-17
6238.6504 6.49212e-17
6239.8149 7.63703e-17
6240.979 6.7241e-17
6242.1436 6.99042e-17
6243.3081 7.09779e-17
6244.4722 7.02531e-17
6245.6367 7.59776e-17
6246.8013 6.35466e-17
6247.9658 6.28789e-17
6249.1304 6.87421e-17
6250.2949 5.93537e-17
6251.4595 6.99228e-17
6252.6245 5.89002e-17
6253.7891 6.70903e-17
6254.9536 6.28188e-17
6256.1187 6.86876e-17
6257.2832 6.93238e-17
6258.4482 6.36162e-17
6259.6133 7.11583e-17
6260.7778 7.33307e-17
6261.9429 6.65358e-17
6263.1079 6.45393e-17
6264.2729 6.79496e-17
6265.438 6.40948e-17
6266.603 6.48239e-17
6267.7681 6.59828e-17
6268.9336 6.44228e-17
6270.0986 7.18642e-17
6271.2637 7.02405e-17
6272.4292 6.84399e-17
6273.5947 7.09472e-17
6274.7598 6.20427e-17
6275.9253 7.05603e-17
6277.0908 6.63144e-17
6278.2563 7.39534e-17
6279.4219 6.11533e-17
6280.5874 6.45599e-17
6281.7529 5.79603e-17
6282.9185 6.74765e-17
6284.084 6.5721e-17
6285.2495 6.07774e-17
6286.4155 6.93828e-17
6287.5811 6.29316e-17
6288.7471 6.29319e-17
6289.9126 6.90128e-17
6291.0786 6.42404e-17
6292.2446 6.40821e-17
6293.4102 7.41813e-17
6294.5762 6.82609e-17
6295.7422 6.72867e-17
6296.9082 6.98061e-17
6298.0747 6.84177e-17
6299.2407 6.57832e-17
6300.4067 5.67455e-17
6301.5728 6.06164e-17
6302.7393 6.84452e-17
6303.9053 6.99909e-17
6305.0718 6.11482e-17
6306.2378 6.35566e-17
6307.4043 6.43727e-17
6308.5708 6.7483e-17
6309.7373 5.49004e-17
6310.9038 7.45945e-17
6312.0703 6.12711e-17
6313.2368 6.38576e-17
6314.4033 6.66184e-17
6315.5698 6.35736e-17
6316.7363 6.81743e-17
6317.9033 7.31021e-17
6319.0698 6.46002e-17
6320.2368 5.96614e-17
6321.4033 6.28114e-17
6322.5703 6.41514e-17
6323.7373 7.02134e-17
6324.9038 6.76521e-17
6326.0708 6.1837e-17
6327.2378 5.56954e-17
6328.4048 5.80445e-17
6329.5718 6.53135e-17
6330.7388 6.34701e-17
6331.9058 5.93384e-17
6333.0732 5.83566e-17
6334.2402 6.60177e-17
6335.4077 6.41882e-17
6336.5747 6.60137e-17
6337.7422 5.87719e-17
6338.9092 7.12176e-17
6340.0767 7.01606e-17
6341.2441 6.60124e-17
6342.4116 6.45801e-17
6343.5791 6.07848e-17
6344.7466 6.8173e-17
6345.9141 5.97731e-17
6347.0815 6.35217e-17
6348.249 5.96577e-17
6349.417 5.94982e-17
6350.5845 6.73329e-17
6351.7524 5.51193e-17
6352.9199 5.86286e-17
6354.0879 6.39725e-17
6355.2554 6.07459e-17
6356.4233 6.04523e-17
6357.5913 6.76147e-17
6358.7593 6.96419e-17
6359.9272 6.18645e-17
6361.0952 6.33174e-17
6362.2632 6.72315e-17
6363.4312 5.77186e-17
6364.5991 6.09304e-17
6365.7671 6.5079e-17
6366.9355 6.69262e-17
6368.1035 6.21915e-17
6369.272 6.44143e-17
6370.4404 6.89262e-17
6371.6084 6.23051e-17
6372.7769 6.94262e-17
6373.9453 6.4632e-17
6375.1138 6.22143e-17
6376.2822 5.79312e-17
6377.4507 6.4763e-17
6378.6191 5.64929e-17
6379.7876 5.52474e-17
6380.9561 6.43232e-17
6382.125 5.97649e-17
6383.2935 6.42668e-17
6384.4619 7.60505e-17
6385.6309 7.19723e-17
6386.7998 6.09936e-17
6387.9683 6.30709e-17
6389.1372 5.88526e-17
6390.3062 6.54989e-17
6391.4751 6.32204e-17
6392.644 6.53192e-17
6393.813 6.08539e-17
6394.9819 6.09605e-17
6396.1509 6.21607e-17
6397.3198 5.17471e-17
6398.4888 6.24204e-17
6399.6582 6.2771e-17
6400.8271 5.92097e-17
6401.9966 6.17348e-17
6403.166 6.11131e-17
6404.335 6.46878e-17
6405.5044 6.11122e-17
6406.6738 7.24402e-17
6407.8433 6.5982e-17
6409.0127 6.566e-17
6410.1821 6.09433e-17
6411.3516 6.26841e-17
6412.521 6.8231e-17
6413.6904 6.19119e-17
6414.8599 5.63381e-17
6416.0298 6.9104e-17
6417.1992 6.10804e-17
6418.3691 5.8851e-17
6419.5386 6.15078e-17
6420.7085 6.19821e-17
6421.8784 6.25708e-17
6423.0483 5.78808e-17
6424.2183 6.84145e-17
6425.3882 6.49128e-17
6426.5581 6.29227e-17
6427.728 6.9553e-17
6428.8979 6.16081e-17
6430.0679 6.98103e-17
6431.2378 7.08612e-17
6432.4082 5.95571e-17
6433.5781 6.52114e-17
6434.7485 6.77664e-17
6435.9185 6.57175e-17
6437.0889 6.9192e-17
6438.2593 6.38812e-17
6439.4292 5.86488e-17
6440.5996 6.10326e-17
6441.77 6.46933e-17
6442.9404 6.09447e-17
6444.1108 6.30979e-17
6445.2817 6.14411e-17
6446.4521 6.86497e-17
6447.6226 6.48665e-17
6448.793 6.35609e-17
6449.9639 5.92293e-17
6451.1343 6.50771e-17
6452.3052 7.3582e-17
6453.4761 5.61932e-17
6454.6465 6.33718e-17
6455.8174 6.79078e-17
6456.9883 6.35913e-17
6458.1592 5.99573e-17
6459.3301 6.64688e-17
6460.501 6.09534e-17
6461.6719 5.88425e-17
6462.8428 5.53822e-17
6464.0137 5.52945e-17
6465.1851 5.39361e-17
6466.356 6.27578e-17
6467.5273 5.68816e-17
6468.6982 6.16829e-17
6469.8696 6.03625e-17
6471.041 6.25134e-17
6472.2119 5.99498e-17
6473.3833 5.75341e-17
6474.5547 6.44757e-17
6475.7261 6.19792e-17
6476.8975 6.12534e-17
6478.0688 5.90143e-17
6479.2402 6.48212e-17
6480.4121 6.32935e-17
6481.5835 6.39473e-17
6482.7549 6.51542e-17
6483.9268 6.77313e-17
6485.0981 6.13319e-17
6486.27 6.71817e-17
6487.4419 6.64228e-17
6488.6133 6.84507e-17
6489.7852 5.97235e-17
6490.957 5.88241e-17
6492.1289 6.11451e-17
6493.3008 6.28168e-17
6494.4727 6.33004e-17
6495.6445 6.24917e-17
6496.8164 5.913e-17
6497.9888 5.73826e-17
6499.1606 6.81394e-17
6500.3325 6.0064e-17
6501.5049 6.80822e-17
6502.6768 6.41774e-17
6503.8491 6.49654e-17
6505.0215 5.97516e-17
6506.1934 6.9247e-17
6507.3657 6.14477e-17
6508.5381 6.21875e-17
6509.7104 6.85775e-17
6510.8828 5.89804e-17
6512.0552 6.11625e-17
6513.228 7.03194e-17
6514.4004 6.18331e-17
6515.5728 6.62258e-17
6516.7456 7.10256e-17
6517.918 6.27683e-17
6519.0908 6.48701e-17
6520.2632 7.39872e-17
6521.436 5.94488e-17
6522.6089 7.17092e-17
6523.7812 6.03912e-17
6524.9541 5.83263e-17
6526.127 6.16054e-17
6527.2998 6.12865e-17
6528.4727 6.26251e-17
6529.6455 6.04092e-17
6530.8184 7.08109e-17
6531.9917 6.74874e-17
6533.1646 6.85381e-17
6534.3379 5.88277e-17
6535.5107 6.92407e-17
6536.6841 6.49544e-17
6537.8569 5.98557e-17
6539.0303 6.5591e-17
6540.2036 6.66146e-17
6541.3765 6.98011e-17
6542.5498 6.1904e-17
6543.7231 6.26454e-17
6544.8965 5.39114e-17
6546.0698 6.88605e-17
6547.2437 6.27039e-17
6548.417 6.32064e-17
6549.5903 5.69059e-17
6550.7637 6.63071e-17
6551.9375 5.67552e-17
6553.1108 6.67198e-17
6554.2847 5.92626e-17
6555.4585 6.01246e-17
6556.6318 6.22487e-17
6557.8057 5.88246e-17
6558.9795 6.58488e-17
6560.1533 6.10574e-17
6561.3271 5.604e-17
6562.501 5.37365e-17
6563.6748 5.66743e-17
6564.8486 6.40618e-17
6566.0225 6.93941e-17
6567.1968 7.26478e-17
6568.3706 6.20923e-17
6569.5449 5.94589e-17
6570.7188 5.69673e-17
6571.8926 5.86159e-17
6573.0669 6.23985e-17
6574.2412 6.01572e-17
6575.4155 6.52251e-17
6576.5898 6.20716e-17
6577.7637 6.75761e-17
6578.938 6.64662e-17
6580.1123 6.13785e-17
6581.2871 7.13817e-17
6582.4614 6.5552e-17
6583.6357 6.3771e-17
6584.8101 5.87158e-17
6585.9849 6.24009e-17
6587.1592 7.16184e-17
6588.334 6.30862e-17
6589.5083 6.46688e-17
6590.6831 6.27533e-17
6591.8579 6.29665e-17
6593.0322 6.48768e-17
6594.207 5.61493e-17
6595.3818 6.38944e-17
6596.5566 6.44805e-17
6597.7314 6.06837e-17
6598.9062 6.75221e-17
6600.0811 6.24549e-17
6601.2563 6.2444e-17
6602.4312 7.14457e-17
6603.606 6.58355e-17
6604.7812 6.86738e-17
6605.9561 6.54173e-17
6607.1313 6.63793e-17
6608.3066 6.96107e-17
6609.4814 6.69415e-17
6610.6567 6.49186e-17
6611.832 6.70441e-17
6613.0073 6.69826e-17
6614.1826 6.41514e-17
6615.3579 6.56575e-17
6616.5332 5.91824e-17
6617.7085 5.84539e-17
6618.8838 5.33984e-17
6620.0591 6.23093e-17
6621.2349 6.4992e-17
6622.4102 7.27969e-17
6623.5859 6.13772e-17
6624.7612 6.30857e-17
6625.937 6.50767e-17
6627.1128 6.27876e-17
6628.2881 5.73432e-17
6629.4639 6.3283e-17
6630.6396 6.30294e-17
6631.8154 6.24128e-17
6632.9912 6.03282e-17
6634.167 6.31402e-17
6635.3428 6.17338e-17
6636.519 6.32329e-17
6637.6948 6.01839e-17
6638.8706 5.95023e-17
6640.0469 6.58808e-17
6641.2227 6.78146e-17
6642.3989 6.18624e-17
6643.5747 5.97063e-17
6644.751 6.00097e-17
6645.9272 5.56091e-17
6647.1035 6.00594e-17
6648.2793 6.10525e-17
6649.4556 6.74252e-17
6650.6318 5.48093e-17
6651.8081 6.15919e-17
6652.9849 6.47102e-17
6654.1611 6.64298e-17
6655.3374 5.72653e-17
6656.5137 6.35632e-17
6657.6904 6.47505e-17
6658.8667 6.50697e-17
6660.0435 6.6766e-17
6661.2197 6.74832e-17
6662.3965 6.16332e-17
6663.5732 6.21309e-17
6664.75 6.05579e-17
6665.9263 6.49985e-17
6667.103 6.34753e-17
6668.2798 6.2771e-17
6669.4565 6.67343e-17
6670.6333 6.09071e-17
6671.8101 5.96772e-17
6672.9873 5.65499e-17
6674.1641 5.59217e-17
6675.3408 4.44946e-17
6676.5181 5.40782e-17
6677.6948 4.93133e-17
6678.8721 5.04568e-17
6680.0493 6.00761e-17
6681.2261 5.8707e-17
6682.4033 5.23522e-17
6683.5806 5.85484e-17
6684.7578 5.68063e-17
6685.9351 6.04383e-17
6687.1123 5.96537e-17
6688.2896 5.71642e-17
6689.4668 5.66033e-17
6690.644 6.47572e-17
6691.8213 6.20705e-17
6692.999 6.19798e-17
6694.1763 7.08752e-17
6695.3535 5.92057e-17
6696.5312 6.65673e-17
6697.7085 6.60905e-17
6698.8862 6.31585e-17
6700.064 6.9022e-17
6701.2417 6.56575e-17
6702.4189 6.40683e-17
6703.5967 6.13497e-17
6704.7744 6.46197e-17
6705.9521 6.86387e-17
6707.1299 6.24952e-17
6708.3081 6.86024e-17
6709.4858 5.28126e-17
6710.6636 6.58623e-17
6711.8413 6.33422e-17
6713.0195 5.90702e-17
6714.1973 6.73297e-17
6715.3755 5.93546e-17
6716.5532 5.69475e-17
6717.7314 5.93993e-17
6718.9097 6.06744e-17
6720.0874 6.51259e-17
6721.2656 5.45009e-17
6722.4438 6.13504e-17
6723.6221 6.36739e-17
6724.8003 6.60873e-17
6725.9785 6.22359e-17
6727.1572 6.53702e-17
6728.3354 6.34843e-17
6729.5137 6.24205e-17
6730.6919 5.47254e-17
6731.8706 5.80195e-17
6733.0488 6.37443e-17
6734.2275 6.01595e-17
6735.4058 6.12853e-17
6736.5845 5.86462e-17
6737.7632 6.29345e-17
6738.9419 6.15536e-17
6740.1201 5.65604e-17
6741.2988 6.9661e-17
6742.4775 5.8994e-17
6743.6562 6.60656e-17
6744.835 6.11498e-17
6746.0137 6.13831e-17
6747.1929 5.99379e-17
6748.3716 6.70981e-17
6749.5503 6.64815e-17
6750.7295 5.48847e-17
6751.9082 6.75787e-17
6753.0874 6.20081e-17
6754.2661 5.83687e-17
6755.4453 5.78848e-17
6756.6245 6.68192e-17
6757.8037 6.52182e-17
6758.9824 6.75192e-17
6760.1616 7.24082e-17
6761.3408 6.92316e-17
6762.52 6.34142e-17
6763.6992 5.61756e-17
6764.8789 6.75329e-17
6766.0581 5.92421e-17
6767.2373 5.95731e-17
6768.4165 5.64153e-17
6769.5962 6.24051e-17
6770.7754 6.48476e-17
6771.9551 6.12414e-17
6773.1343 6.35291e-17
6774.314 6.0713e-17
6775.4937 6.62798e-17
6776.6729 6.32636e-17
6777.8525 6.68311e-17
6779.0322 6.00827e-17
6780.2119 6.51683e-17
6781.3916 6.08983e-17
6782.5713 5.92865e-17
6783.751 6.42028e-17
6784.9307 5.81254e-17
6786.1108 5.81124e-17
6787.2905 5.6135e-17
6788.4702 6.68259e-17
6789.6504 6.24255e-17
6790.8301 6.07133e-17
6792.0103 5.93145e-17
6793.1904 6.36596e-17
6794.3701 5.75971e-17
6795.5503 6.00769e-17
6796.7305 6.2843e-17
6797.9106 6.30336e-17
6799.0908 5.63963e-17
6800.271 6.21573e-17
6801.4512 5.54459e-17
6802.6313 6.40649e-17
6803.8115 6.35923e-17
6804.9917 6.48644e-17
6806.1719 5.7233e-17
6807.3525 6.38076e-17
6808.5327 5.95313e-17
6809.7134 6.41703e-17
6810.8936 7.2506e-17
6812.0742 6.02169e-17
6813.2544 6.67798e-17
6814.4351 6.27207e-17
6815.6157 6.12655e-17
6816.7964 5.98869e-17
6817.9771 6.31922e-17
6819.1577 6.22073e-17
6820.3384 6.29538e-17
6821.519 6.23273e-17
6822.6997 5.69332e-17
6823.8804 5.89699e-17
6825.061 6.11777e-17
6826.2417 5.92859e-17
6827.4229 5.92666e-17
6828.6035 5.88939e-17
6829.7847 5.70991e-17
6830.9653 5.87891e-17
6832.1465 6.30574e-17
6833.3276 5.99282e-17
6834.5083 5.65506e-17
6835.6895 6.23048e-17
6836.8706 6.88584e-17
6838.0518 5.8982e-17
6839.2329 6.71145e-17
6840.4141 6.1343e-17
6841.5952 6.31312e-17
6842.7764 5.93556e-17
6843.9575 6.19392e-17
6845.1392 6.20559e-17
6846.3203 5.76759e-17
6847.5015 5.18509e-17
6848.6831 6.16645e-17
6849.8643 6.31312e-17
6851.0459 6.6982e-17
6852.2275 5.84678e-17
6853.4087 6.59049e-17
6854.5903 6.45556e-17
6855.772 6.34394e-17
6856.9536 6.32454e-17
6858.1348 6.25525e-17
6859.3164 7.24782e-17
6860.4985 6.10861e-17
6861.6797 5.84722e-17
6862.8618 7.0727e-17
6864.0435 6.65675e-17
6865.2251 6.38584e-17
6866.4072 7.39369e-17
6867.5889 6.84018e-17
6868.7705 7.39423e-17
6869.9526 6.73984e-17
6871.1343 7.1158e-17
6872.3164 6.53292e-17
6873.4985 6.38915e-17
6874.6802 6.8627e-17
6875.8623 6.27898e-17
6877.0444 6.30527e-17
6878.2266 6.64637e-17
6879.4087 6.2555e-17
6880.5908 6.46221e-17
6881.7729 6.34458e-17
6882.9551 7.29607e-17
6884.1372 6.39232e-17
6885.3198 6.0311e-17
6886.502 6.40363e-17
6887.6841 5.68215e-17
6888.8667 6.57888e-17
6890.0488 6.19474e-17
6891.2314 6.64217e-17
6892.4136 6.53641e-17
6893.5962 5.72031e-17
6894.7788 6.95569e-17
6895.9614 6.26192e-17
6897.1436 5.73347e-17
6898.3262 6.0999e-17
6899.5088 5.72892e-17
6900.6914 6.10288e-17
6901.874 6.43489e-17
6903.0571 6.10472e-17
6904.2397 6.2614e-17
6905.4224 6.66433e-17
6906.605 6.66565e-17
6907.7876 6.52861e-17
6908.9707 6.51761e-17
6910.1533 6.59129e-17
6911.3364 6.97463e-17
6912.5195 6.99606e-17
6913.7021 5.73151e-17
6914.8853 5.8962e-17
6916.0684 6.00576e-17
6917.251 6.03478e-17
6918.4341 5.84457e-17
6919.6172 6.82577e-17
6920.8003 6.1365e-17
6921.9834 6.52087e-17
6923.1665 6.39437e-17
6924.3496 5.17121e-17
6925.5332 6.30896e-17
6926.7163 5.97326e-17
6927.8994 6.34423e-17
6929.083 7.09394e-17
6930.2661 5.97288e-17
6931.4497 6.42296e-17
6932.6328 6.32806e-17
6933.8164 6.81531e-17
6934.9995 6.46431e-17
6936.1831 6.22518e-17
6937.3667 6.13362e-17
6938.5503 5.76836e-17
6939.7339 6.40556e-17
6940.9175 7.2711e-17
6942.1011 6.19721e-17
6943.2847 6.36384e-17
6944.4683 6.71661e-17
6945.6519 6.4215e-17
6946.8354 6.7463e-17
6948.0195 6.04158e-17
6949.2031 6.00119e-17
6950.3867 6.50591e-17
6951.5708 5.76137e-17
6952.7544 6.748e-17
6953.9385 5.61245e-17
6955.1221 6.07398e-17
6956.3062 6.20297e-17
6957.4902 6.29359e-17
6958.6743 6.59719e-17
6959.8579 5.60686e-17
6961.042 5.57933e-17
6962.2261 6.12804e-17
6963.4102 6.08581e-17
6964.5942 5.78033e-17
6965.7783 6.93148e-17
6966.9629 6.25545e-17
6968.147 6.47102e-17
6969.3311 6.54742e-17
6970.5156 5.9299e-17
6971.6997 6.05791e-17
6972.8838 6.13467e-17
6974.0684 5.93959e-17
6975.2524 6.34071e-17
6976.437 6.51733e-17
6977.6216 5.50174e-17
6978.8057 5.55844e-17
6979.9902 5.78293e-17
6981.1748 5.75161e-17
6982.3594 5.83472e-17
6983.5439 5.93993e-17
6984.7285 5.76474e-17
6985.9131 5.24915e-17
6987.0977 5.86863e-17
6988.2822 4.94094e-17
6989.4668 5.63216e-17
6990.6519 5.18988e-17
6991.8364 6.06199e-17
6993.021 6.02226e-17
6994.2061 5.70621e-17
6995.3906 5.76437e-17
6996.5757 5.92126e-17
6997.7607 5.99615e-17
6998.9453 5.98749e-17
7000.1304 6.37501e-17
7001.3154 5.48747e-17
7002.5 5.83594e-17
7003.6851 5.63365e-17
7004.8701 6.00685e-17
7006.0552 6.07703e-17
7007.2402 5.56922e-17
7008.4253 5.75372e-17
7009.6108 5.68673e-17
7010.7959 6.04198e-17
7011.981 6.00176e-17
7013.166 5.71669e-17
7014.3516 5.39472e-17
7015.5366 5.51812e-17
7016.7222 5.5297e-17
7017.9072 6.05323e-17
7019.0928 6.33909e-17
7020.2778 5.17995e-17
7021.4634 5.13884e-17
7022.6489 5.77882e-17
7023.8345 5.67325e-17
7025.02 5.45214e-17
7026.2051 5.76251e-17
7027.3906 5.94895e-17
7028.5762 5.27838e-17
7029.7617 6.22829e-17
7030.9473 6.12099e-17
7032.1333 6.50395e-17
7033.3188 5.64773e-17
7034.5044 5.71675e-17
7035.6904 5.60594e-17
7036.876 5.45004e-17
7038.0615 5.03017e-17
7039.2476 5.06666e-17
7040.4331 5.88274e-17
7041.6191 5.17357e-17
7042.8052 6.08701e-17
7043.9907 5.21146e-17
7045.1768 5.49398e-17
7046.3628 5.79872e-17
7047.5488 5.36292e-17
7048.7349 5.45187e-17
7049.9209 5.1124e-17
7051.1069 5.81615e-17
7052.293 5.7804e-17
7053.479 4.99238e-17
7054.665 5.83836e-17
7055.8511 5.91358e-17
7057.0376 5.68037e-17
7058.2236 5.04714e-17
7059.4097 5.41627e-17
7060.5962 5.10064e-17
7061.7822 5.49239e-17
7062.9688 5.16835e-17
7064.1548 5.43707e-17
7065.3413 5.48888e-17
7066.5278 5.84801e-17
7067.7139 5.5218e-17
7068.9004 5.88216e-17
7070.0869 5.39508e-17
7071.2734 4.75424e-17
7072.46 5.22861e-17
7073.6465 5.21738e-17
7074.833 5.42947e-17
7076.0195 5.1983e-17
7077.2065 5.1598e-17
7078.3931 5.6463e-17
7079.5796 4.74377e-17
7080.7661 5.26313e-17
7081.9531 5.29847e-17
7083.1396 5.51881e-17
7084.3267 5.65414e-17
7085.5132 5.78994e-17
7086.7002 5.45062e-17
7087.8867 4.94239e-17
7089.0737 5.32054e-17
7090.2607 5.40811e-17
7091.4478 4.99285e-17
7092.6343 5.15661e-17
7093.8213 5.6931e-17
7095.0083 5.20767e-17
7096.1953 5.06829e-17
7097.3823 5.50817e-17
7098.5698 5.07742e-17
7099.7568 5.31016e-17
7100.9438 5.31684e-17
7102.1309 5.47337e-17
7103.3179 5.21858e-17
7104.5054 5.18366e-17
7105.6924 4.87772e-17
7106.8799 5.6342e-17
7108.0669 5.26612e-17
7109.2544 5.40748e-17
7110.4414 5.84913e-17
7111.6289 5.45801e-17
7112.8164 5.16963e-17
7114.0034 5.32398e-17
7115.1909 4.75566e-17
7116.3784 5.08105e-17
7117.5659 5.2559e-17
7118.7534 5.04185e-17
7119.9409 5.50539e-17
7121.1284 5.80889e-17
7122.3159 5.12433e-17
7123.5034 5.34021e-17
7124.6914 4.86573e-17
7125.8789 5.56297e-17
7127.0664 5.24287e-17
7128.2544 5.69588e-17
7129.4419 5.07666e-17
7130.6299 5.70393e-17
7131.8174 5.72072e-17
7133.0054 4.99409e-17
7134.1929 5.72636e-17
7135.3809 5.53411e-17
7136.5688 5.82983e-17
7137.7568 4.97202e-17
7138.9443 5.50887e-17
7140.1323 5.77262e-17
7141.3203 5.70441e-17
7142.5083 6.0637e-17
7143.6963 5.47341e-17
7144.8843 6.14391e-17
7146.0723 5.50156e-17
7147.2607 5.12097e-17
7148.4487 6.08996e-17
7149.6367 4.82227e-17
7150.8247 5.55571e-17
7152.0132 5.16526e-17
7153.2012 5.31851e-17
7154.3892 5.50351e-17
7155.5776 5.39294e-17
7156.7661 5.59651e-17
7157.9541 4.73669e-17
7159.1426 5.27234e-17
7160.3311 4.69049e-17
7161.5195 5.0539e-17
7162.7075 4.7101e-17
7163.896 5.66099e-17
7165.0845 5.42355e-17
7166.2729 5.55993e-17
7167.4614 5.38857e-17
7168.6499 5.46992e-17
7169.8384 5.40919e-17
7171.0273 5.4139e-17
7172.2158 5.76809e-17
7173.4043 5.51023e-17
7174.5928 5.56344e-17
7175.7817 5.72844e-17
7176.9702 5.86347e-17
7178.1587 5.52074e-17
7179.3477 5.33619e-17
7180.5366 5.52434e-17
7181.7251 5.55937e-17
7182.9141 5.47894e-17
7184.103 5.61043e-17
7185.2915 5.65621e-17
7186.4805 4.73992e-17
7187.6694 5.86702e-17
7188.8584 5.33868e-17
7190.0474 5.60127e-17
7191.2363 5.49541e-17
7192.4253 5.58234e-17
7193.6143 5.25727e-17
7194.8032 5.47174e-17
7195.9922 5.72603e-17
7197.1812 5.65011e-17
7198.3706 5.841e-17
7199.5596 5.45446e-17
7200.7485 5.62378e-17
7201.938 5.31461e-17
7203.127 5.91986e-17
7204.3164 5.38352e-17
7205.5054 5.10646e-17
7206.6948 5.6764e-17
7207.8843 6.20538e-17
7209.0732 5.49947e-17
7210.2627 5.16602e-17
7211.4521 5.72588e-17
7212.6416 5.83073e-17
7213.8311 5.51945e-17
7215.0205 5.68317e-17
7216.21 5.69769e-17
7217.3994 5.42209e-17
7218.5889 6.00627e-17
7219.7783 5.66934e-17
7220.9678 6.18341e-17
7222.1572 6.3451e-17
7223.3472 5.93948e-17
7224.5366 6.08152e-17
7225.7261 6.34669e-17
7226.916 6.5817e-17
7228.1055 5.62796e-17
7229.2954 6.04627e-17
7230.4849 6.20948e-17
7231.6748 5.94069e-17
7232.8643 6.01743e-17
7234.0542 6.33546e-17
7235.2441 6.14741e-17
7236.4341 6.48866e-17
7237.624 6.06815e-17
7238.814 6.52088e-17
7240.0039 6.226e-17
7241.1934 6.34219e-17
7242.3838 6.6585e-17
7243.5737 7.87659e-17
7244.7637 5.85685e-17
7245.9536 6.0448e-17
7247.1436 6.55737e-17
7248.3335 6.57234e-17
7249.5239 6.43469e-17
7250.7139 6.52177e-17
7251.9043 6.5416e-17
7253.0942 6.73572e-17
7254.2842 6.04714e-17
7255.4746 6.80005e-17
7256.665 6.84327e-17
7257.855 6.58043e-17
7259.0454 7.07164e-17
7260.2358 6.94376e-17
7261.4258 6.04075e-17
7262.6162 6.5624e-17
7263.8066 6.58372e-17
7264.9971 6.61892e-17
7266.1875 6.95708e-17
7267.3779 7.60296e-17
7268.5684 6.23774e-17
7269.7588 7.25155e-17
7270.9492 6.79999e-17
7272.1401 6.45559e-17
7273.3306 6.86085e-17
7274.521 6.86506e-17
7275.7114 7.45455e-17
7276.9023 7.35616e-17
7278.0928 6.60138e-17
7279.2837 7.82018e-17
7280.4741 6.27519e-17
7281.665 7.60709e-17
7282.8555 6.75433e-17
7284.0464 8.00041e-17
7285.2373 6.80377e-17
7286.4277 7.91556e-17
7287.6187 7.11902e-17
7288.8096 6.88126e-17
7290.0005 7.02008e-17
7291.1914 7.66377e-17
7292.3823 7.12429e-17
7293.5732 6.76005e-17
7294.7642 7.19645e-17
7295.9551 7.52561e-17
7297.146 7.28453e-17
7298.3369 7.13104e-17
7299.5283 6.96748e-17
7300.7192 7.17742e-17
7301.9102 7.25239e-17
7303.1011 6.99144e-17
7304.2925 7.22709e-17
7305.4834 7.27233e-17
7306.6748 7.24249e-17
7307.8657 6.99569e-17
7309.0571 7.00716e-17
7310.2485 7.22783e-17
7311.4395 6.90771e-17
7312.6309 7.20573e-17
7313.8223 7.77123e-17
7315.0137 7.07617e-17
7316.2046 6.8945e-17
7317.396 7.42673e-17
7318.5874 6.62875e-17
7319.7788 7.1452e-17
7320.9702 7.45222e-17
7322.1616 7.68443e-17
7323.3535 7.33029e-17
7324.5449 7.42088e-17
7325.7363 7.84639e-17
7326.9277 7.37869e-17
7328.1191 6.64984e-17
7329.311 7.81049e-17
7330.5024 7.39594e-17
7331.6943 6.99549e-17
7332.8857 7.31349e-17
7334.0776 6.86844e-17
7335.269 7.15111e-17
7336.4609 7.12798e-17
7337.6523 8.24359e-17
7338.8442 7.15434e-17
7340.0361 8.38149e-17
7341.228 7.58869e-17
7342.4194 7.56401e-17
7343.6113 8.13827e-17
7344.8032 7.4099e-17
7345.9951 8.29103e-17
7347.187 7.9036e-17
7348.3789 7.66935e-17
7349.5708 7.78357e-17
7350.7627 7.75352e-17
7351.9551 7.57974e-17
7353.147 7.94656e-17
7354.3389 7.92498e-17
7355.5308 7.6001e-17
7356.7231 7.87098e-17
7357.915 7.65029e-17
7359.1074 6.98296e-17
7360.2993 7.7589e-17
7361.4912 7.25695e-17
7362.6836 7.47836e-17
7363.876 7.59599e-17
7365.0679 6.97023e-17
7366.2603 7.51743e-17
7367.4526 7.50935e-17
7368.6445 7.50112e-17
7369.8369 7.75524e-17
7371.0293 7.87236e-17
7372.2217 7.31415e-17
7373.4141 7.30647e-17
7374.6064 8.19291e-17
7375.7988 7.69182e-17
7376.9912 7.49e-17
7378.1836 7.7251e-17
7379.376 7.40471e-17
7380.5684 7.58765e-17
7381.7612 8.03383e-17
7382.9536 7.2566e-17
7384.146 7.91903e-17
7385.3389 7.80475e-17
7386.5312 7.56206e-17
7387.7241 7.2184e-17
7388.9165 7.37114e-17
7390.1094 7.62085e-17
7391.3018 7.84324e-17
7392.4946 7.08816e-17
7393.687 7.04226e-17
7394.8799 7.51449e-17
7396.0728 7.29822e-17
7397.2656 7.62567e-17
7398.458 7.46197e-17
7399.6509 7.60253e-17
7400.8438 7.32415e-17
7402.0366 7.44185e-17
7403.2295 7.13194e-17
7404.4224 7.4622e-17
7405.6152 7.33495e-17
7406.8081 7.63763e-17
7408.001 7.34144e-17
7409.1943 7.26242e-17
7410.3872 7.74402e-17
7411.5801 7.74109e-17
7412.7734 7.81552e-17
7413.9663 7.52494e-17
7415.1592 6.85923e-17
7416.3525 7.51542e-17
7417.5454 7.58994e-17
7418.7388 8.26384e-17
7419.9316 8.5422e-17
7421.125 8.97274e-17
7422.3184 9.15682e-17
7423.5112 8.72446e-17
7424.7046 8.07368e-17
7425.8979 8.24304e-17
7427.0913 7.51848e-17
7428.2842 7.69716e-17
7429.4775 7.49209e-17
7430.6709 7.43181e-17
7431.8643 7.25234e-17
7433.0576 8.94496e-17
7434.251 1.15881e-16
7435.4443 1.40765e-16
7436.6382 1.90654e-16
7437.8315 2.05913e-16
7439.0249 2.08634e-16
7440.2183 1.77578e-16
7441.4121 1.47866e-16
7442.6055 1.1268e-16
7443.7988 8.95158e-17
7444.9927 8.1961e-17
7446.186 7.59547e-17
7447.3799 7.78217e-17
7448.5732 6.74803e-17
7449.7671 7.26068e-17
7450.9604 7.6271e-17
7452.1543 7.37578e-17
7453.3481 7.06696e-17
7454.5415 7.30118e-17
7455.7354 7.41905e-17
7456.9292 8.53663e-17
7458.123 8.85901e-17
7459.3169 1.07459e-16
7460.5107 1.10842e-16
7461.7046 1.2071e-16
7462.8984 1.19897e-16
7464.0923 1.08698e-16
7465.2861 9.8383e-17
7466.48 7.83386e-17
7467.6738 7.80202e-17
7468.8677 7.3147e-17
7470.062 7.53347e-17
7471.2559 6.88934e-17
7472.4497 7.49789e-17
7473.644 7.5817e-17
7474.8379 7.18896e-17
7476.0322 6.80299e-17
7477.2261 6.9986e-17
7478.4204 7.39778e-17
7479.6143 7.6092e-17
7480.8086 7.59761e-17
7482.0024 6.98898e-17
7483.1968 6.7715e-17
7484.3911 7.52759e-17
7485.585 7.17006e-17
7486.7793 7.05452e-17
7487.9736 6.93351e-17
7489.168 6.40014e-17
7490.3623 6.75788e-17
7491.5566 6.52593e-17
7492.751 6.60847e-17
7493.9453 7.30836e-17
7495.1396 6.36506e-17
7496.334 7.43317e-17
7497.5283 6.66584e-17
7498.7227 7.80147e-17
7499.9175 7.23826e-17
7501.1118 7.44817e-17
7502.3062 6.79427e-17
7503.501 7.27198e-17
7504.6953 7.01796e-17
7505.8896 6.62194e-17
7507.0845 6.93074e-17
7508.2788 6.6194e-17
7509.4736 6.94678e-17
7510.668 6.6827e-17
7511.8628 6.47595e-17
7513.0576 6.81678e-17
7514.252 6.93523e-17
7515.4468 6.43081e-17
7516.6416 6.92043e-17
7517.8364 6.53604e-17
7519.0308 6.94678e-17
7520.2256 6.70043e-17
7521.4204 6.96359e-17
7522.6152 6.44963e-17
7523.8101 6.38846e-17
7525.0049 6.80063e-17
7526.1997 6.22553e-17
7527.3945 6.78543e-17
7528.5898 6.99506e-17
7529.7847 6.59107e-17
7530.9795 6.38769e-17
7532.1743 5.91115e-17
7533.3691 6.58289e-17
7534.5645 6.79935e-17
7535.7593 6.49649e-17
7536.9541 6.55017e-17
7538.1494 7.56706e-17
7539.3442 6.93765e-17
7540.5396 6.83128e-17
7541.7344 6.41821e-17
7542.9297 6.72266e-17
7544.125 6.81e-17
7545.3198 6.69659e-17
7546.5151 6.83601e-17
7547.7104 6.7458e-17
7548.9053 6.44336e-17
7550.1006 6.31002e-17
7551.2959 6.21502e-17
7552.4912 6.29893e-17
7553.6865 6.19781e-17
7554.8818 6.17214e-17
7556.0771 6.15209e-17
7557.2725 6.32951e-17
7558.4678 6.82996e-17
7559.6631 6.18932e-17
7560.8584 5.97243e-17
7562.0537 6.34438e-17
7563.249 6.25814e-17
7564.4448 6.36472e-17
7565.6401 6.22836e-17
7566.8354 6.83933e-17
7568.0308 6.34438e-17
7569.2266 5.4808e-17
7570.4219 6.36109e-17
7571.6177 6.3126e-17
7572.813 6.29857e-17
7574.0088 6.3793e-17
7575.2041 6.25907e-17
7576.3999 6.37888e-17
7577.5957 6.29727e-17
7578.791 6.38521e-17
7579.9868 6.48151e-17
7581.1826 6.31659e-17
7582.3784 7.02635e-17
7583.5737 6.61149e-17
7584.7695 6.50711e-17
7585.9653 6.40737e-17
7587.1611 6.30634e-17
7588.3569 6.35702e-17
7589.5527 5.87182e-17
7590.7485 6.28824e-17
7591.9443 5.9502e-17
7593.1401 6.45535e-17
7594.3359 6.75737e-17
7595.5317 6.36122e-17
7596.728 6.44943e-17
7597.9238 7.0222e-17
7599.1196 6.56407e-17
7600.3159 5.64665e-17
7601.5117 6.03163e-17
7602.7075 6.38058e-17
7603.9038 4.7585e-17
7605.0996 7.73121e-17
7606.2959 6.43783e-17
7607.4917 5.98135e-17
7608.688 6.52161e-17
7609.8838 5.84238e-17
7611.0801 7.42424e-17
7612.2759 7.16192e-17
7613.4722 7.04025e-17
7614.6685 7.11905e-17
7615.8647 7.19916e-17
7617.061 6.18132e-17
7618.2568 6.2539e-17
7619.4531 5.64476e-17
7620.6494 5.69969e-17
7621.8457 5.8535e-17
7623.042 5.8118e-17
7624.2383 6.30291e-17
7625.4346 7.52965e-17
7626.6309 7.12353e-17
7627.8271 7.24159e-17
7629.0234 7.56166e-17
7630.2197 7.91969e-17
7631.4165 5.91806e-17
7632.6128 7.81213e-17
7633.8091 6.23431e-17
7635.0054 5.9426e-17
7636.2021 6.02646e-17
7637.3984 5.68775e-17
7638.5952 5.4952e-17
7639.7915 6.04672e-17
7640.9878 6.10603e-17
7642.1846 5.59744e-17
7643.3809 6.06914e-17
7644.5776 6.43023e-17
7645.7744 5.84175e-17
7646.9707 5.9148e-17
7648.1675 5.58317e-17
7649.3643 5.17638e-17
7650.561 5.56872e-17
7651.7573 5.46659e-17
7652.9541 5.96706e-17
7654.1509 5.66816e-17
7655.3477 6.0522e-17
7656.5444 5.25622e-17
7657.7412 6.09815e-17
7658.938 6.06829e-17
7660.1348 6.36609e-17
7661.3315 5.95374e-17
7662.5283 5.86422e-17
7663.7251 6.43291e-17
7664.9219 6.59595e-17
7666.1187 5.64299e-17
7667.3159 5.48877e-17
7668.5127 5.95181e-17
7669.7095 6.24629e-17
7670.9062 6.32813e-17
7672.1035 5.87835e-17
7673.3003 5.5045e-17
7674.4971 5.93233e-17
7675.6943 6.27657e-17
7676.8911 5.75542e-17
7678.0884 5.72604e-17
7679.2852 5.60723e-17
7680.4824 5.7497e-17
7681.6797 5.66094e-17
7682.8765 5.64132e-17
7684.0737 5.86167e-17
7685.271 6.2953e-17
7686.4678 5.93554e-17
7687.665 5.72683e-17
7688.8623 6.07737e-17
7690.0596 6.2314e-17
7691.2568 5.25913e-17
7692.4536 5.94747e-17
7693.6509 5.8967e-17
7694.8481 5.69885e-17
7696.0454 6.00471e-17
7697.2427 6.15284e-17
7698.4399 5.39946e-17
7699.6372 6.18783e-17
7700.8345 5.84048e-17
7702.0322 5.73612e-17
7703.2295 5.42158e-17
7704.4268 5.98024e-17
7705.624 6.32263e-17
7706.8218 5.28647e-17
7708.019 5.96235e-17
7709.2163 5.6151e-17
7710.4136 5.88539e-17
7711.6113 6.12089e-17
7712.8086 5.87579e-17
7714.0063 5.54137e-17
7715.2036 5.67812e-17
7716.4014 5.75116e-17
7717.5986 4.8594e-17
7718.7964 5.78231e-17
7719.9941 5.90462e-17
7721.1914 5.80567e-17
7722.3892 5.75754e-17
7723.5869 5.82731e-17
7724.7842 5.70687e-17
7725.9819 5.70393e-17
7727.1797 5.55225e-17
7728.3774 5.56848e-17
7729.5752 5.35e-17
7730.7725 6.01037e-17
7731.9702 5.49528e-17
7733.168 5.84495e-17
7734.3657 5.49563e-17
7735.5635 5.31845e-17
7736.7617 5.60021e-17
7737.9595 5.45566e-17
7739.1572 5.97842e-17
7740.355 5.72264e-17
7741.5527 5.797e-17
7742.7505 6.02527e-17
7743.9482 5.42677e-17
7745.1465 5.55804e-17
7746.3442 6.09126e-17
7747.542 6.79104e-17
7748.7402 5.15829e-17
7749.938 6.11593e-17
7751.1362 6.03519e-17
7752.334 5.84058e-17
7753.5317 5.90996e-17
7754.73 5.11337e-17
7755.9277 5.69135e-17
7757.126 5.17596e-17
7758.3242 5.57581e-17
7759.522 5.93228e-17
7760.7202 5.33891e-17
7761.918 5.50131e-17
7763.1162 5.63405e-17
7764.3145 5.49729e-17
7765.5127 5.97567e-17
7766.7109 5.44083e-17
7767.9087 5.48802e-17
7769.1069 5.45772e-17
7770.3052 5.12712e-17
7771.5034 5.65665e-17
7772.7017 5.83698e-17
7773.8999 5.85712e-17
7775.0981 6.00407e-17
7776.2964 5.78454e-17
7777.4946 4.459e-17
7778.6929 5.52104e-17
7779.8911 5.96843e-17
7781.0894 5.3036e-17
7782.2881 5.287e-17
7783.4863 5.27077e-17
7784.6846 5.75994e-17
7785.8828 5.68342e-17
7787.0815 5.9979e-17
7788.2798 6.0132e-17
7789.478 4.9046e-17
7790.6768 5.29802e-17
7791.875 5.49999e-17
7793.0737 5.81678e-17
7794.272 5.78894e-17
7795.4702 6.16232e-17
7796.6689 5.27904e-17
7797.8672 5.09275e-17
7799.0659 5.76394e-17
7800.2646 0.0
7801.4629 0.0
7802.6616 5.46455e-17
7803.8604 5.43807e-17
7805.0586 5.02233e-17
7806.2573 5.50595e-17
7807.4561 5.94384e-17
7808.6548 4.56999e-17
7809.8535 6.14437e-17
7811.0518 5.70197e-17
7812.2505 5.27745e-17
7813.4492 5.57917e-17
7814.6479 5.78301e-17
7815.8467 5.58054e-17
7817.0454 5.72424e-17
7818.2441 5.26479e-17
7819.4429 5.98888e-17
7820.6416 4.85687e-17
7821.8408 5.53838e-17
7823.0396 5.65617e-17
7824.2383 5.57292e-17
7825.437 4.80623e-17
7826.6357 4.55607e-17
7827.8345 5.64071e-17
7829.0337 5.75648e-17
7830.2324 5.6863e-17
7831.4312 5.75481e-17
7832.6304 5.69753e-17
7833.8291 5.60956e-17
7835.0283 5.67524e-17
7836.2271 5.86424e-17
7837.4258 5.23385e-17
7838.625 5.65146e-17
7839.8242 5.58393e-17
7841.0229 5.94316e-17
7842.2222 5.73882e-17
7843.4209 5.63396e-17
7844.6201 5.1722e-17
7845.8193 5.43374e-17
7847.0181 5.9507e-17
7848.2173 5.85128e-17
7849.4165 5.8256e-17
7850.6152 4.95176e-17
7851.8145 5.81707e-17
7853.0137 5.55521e-17
7854.2129 5.26273e-17
7855.4121 6.50655e-17
7856.6113 5.45676e-17
7857.8101 5.61705e-17
7859.0093 6.21454e-17
7860.2085 5.59995e-17
7861.4077 5.06462e-17
7862.6074 5.66512e-17
7863.8066 5.72953e-17
7865.0059 5.25666e-17
7866.2051 5.46598e-17
7867.4043 5.70611e-17
7868.6035 5.19347e-17
7869.8027 6.02016e-17
7871.0024 4.98152e-17
7872.2017 5.08036e-17
7873.4009 5.40173e-17
7874.6001 5.58859e-17
7875.7998 5.2331e-17
7876.999 6.1356e-17
7878.1982 5.33653e-17
7879.3979 4.63111e-17
7880.5972 5.99907e-17
7881.7969 6.01947e-17
7882.9961 5.30526e-17
7884.1958 5.20065e-17
7885.395 5.49486e-17
7886.5947 5.19742e-17
7887.7939 5.68291e-17
7888.9937 5.86395e-17
7890.1929 5.77618e-17
7891.3926 6.18283e-17
7892.5923 5.14586e-17
7893.7915 5.43424e-17
7894.9912 5.59982e-17
7896.1909 4.96233e-17
7897.3906 5.73871e-17
7898.5903 5.03446e-17
7899.7896 5.64239e-17
7900.9893 5.70668e-17
7902.189 5.42666e-17
7903.3887 5.71645e-17
7904.5884 6.00613e-17
7905.7881 5.64897e-17
7906.9878 5.18403e-17
7908.1875 5.32491e-17
7909.3872 4.83018e-17
7910.5869 5.16213e-17
7911.7866 5.94419e-17
7912.9863 6.01116e-17
7914.186 4.9443e-17
7915.3857 4.74735e-17
7916.5859 6.51383e-17
7917.7856 5.60099e-17
7918.9854 5.19146e-17
7920.1851 5.33338e-17
7921.3848 5.19536e-17
7922.585 6.64354e-17
7923.7847 5.43734e-17
7924.9844 6.32327e-17
7926.1846 5.02482e-17
7927.3843 5.99019e-17
7928.584 5.41769e-17
7929.7842 6.00267e-17
7930.9839 6.11307e-17
7932.1841 5.28718e-17
7933.3838 5.86684e-17
7934.584 5.88621e-17
7935.7837 6.04918e-17
7936.9839 5.52091e-17
7938.1841 5.87753e-17
7939.3838 5.53782e-17
7940.584 5.91518e-17
7941.7842 5.53854e-17
7942.9839 5.36962e-17
7944.1841 5.60697e-17
7945.3843 5.4857e-17
7946.5845 5.72039e-17
7947.7842 5.37275e-17
7948.9844 5.51564e-17
7950.1846 5.49099e-17
7951.3848 5.3481e-17
7952.585 5.29082e-17
7953.7852 5.42664e-17
7954.9849 4.88146e-17
7956.1851 5.05075e-17
7957.3857 5.51524e-17
7958.5859 5.24094e-17
7959.7861 4.86112e-17
7960.9863 5.54034e-17
7962.1865 5.032e-17
7963.3867 5.61033e-17
7964.5869 5.48284e-17
7965.7871 5.04074e-17
7966.9873 4.65467e-17
7968.1875 4.75868e-17
7969.3882 5.60257e-17
7970.5884 5.67854e-17
7971.7886 5.38879e-17
7972.9888 5.67103e-17
7974.1895 5.6112e-17
7975.3896 6.19913e-17
7976.5898 5.41838e-17
7977.7905 5.37983e-17
7978.9907 4.90769e-17
7980.1909 4.8125e-17
7981.3916 5.5468e-17
7982.5918 5.4112e-17
7983.7925 5.46867e-17
7984.9927 4.95532e-17
7986.1934 5.64345e-17
7987.3936 5.80514e-17
7988.5942 5.04719e-17
7989.7949 5.51847e-17
7990.9951 6.02752e-17
7992.1958 5.5563e-17
7993.396 5.17314e-17
7994.5967 4.60376e-17
7995.7974 4.97328e-17
7996.9976 4.6848e-17
7998.1982 5.40141e-17
7999.3989 4.93144e-17
8000.5996 5.52634e-17
8001.7998 4.95833e-17
8003.0005 4.82822e-17
8004.2012 4.78004e-17
8005.4019 4.85989e-17
8006.6025 5.17674e-17
8007.8032 5.28001e-17
8009.0039 5.09619e-17
8010.2046 5.12397e-17
8011.4053 5.24748e-17
8012.606 5.29442e-17
8013.8066 5.38142e-17
8015.0073 4.92066e-17
8016.208 4.88101e-17
8017.4087 5.02112e-17
8018.6094 5.11603e-17
8019.8101 5.53631e-17
8021.0107 5.4435e-17
8022.2114 5.35474e-17
8023.4126 5.98059e-17
8024.6133 5.27588e-17
8025.814 4.92757e-17
8027.0146 4.45208e-17
8028.2153 4.00551e-17
8029.4165 4.94264e-17
8030.6172 5.0684e-17
8031.8179 5.01392e-17
8033.019 5.58422e-17
8034.2197 4.98835e-17
8035.4204 5.82642e-17
8036.6216 5.30588e-17
8037.8223 4.97122e-17
8039.0234 4.86263e-17
8040.2241 4.69269e-17
8041.4253 4.81054e-17
8042.626 4.9412e-17
8043.8271 4.74311e-17
8045.0278 5.01848e-17
8046.229 4.94546e-17
8047.4297 5.24226e-17
8048.6309 5.01506e-17
8049.832 4.86708e-17
8051.0327 4.68636e-17
8052.2339 5.38543e-17
8053.4346 4.80591e-17
8054.6357 5.41402e-17
8055.8369 4.57841e-17
8057.0381 4.61036e-17
8058.2388 4.90822e-17
8059.4399 5.03259e-17
8060.6411 4.90038e-17
8061.8423 5.19901e-17
8063.0435 4.41171e-17
8064.2446 5.47318e-17
8065.4453 5.53472e-17
8066.6465 4.67212e-17
8067.8477 4.77215e-17
8069.0488 5.16148e-17
8070.25 4.90575e-17
8071.4512 5.3166e-17
8072.6523 5.25129e-17
8073.8535 4.78378e-17
8075.0547 5.41828e-17
8076.2559 4.83003e-17
8077.457 5.40512e-17
8078.6582 5.36326e-17
8079.8594 5.09805e-17
8081.061 5.38169e-17
8082.2622 5.21293e-17
8083.4634 4.70311e-17
8084.6646 4.87722e-17
8085.8657 4.89951e-17
8087.0669 4.99232e-17
8088.2686 4.75498e-17
8089.4697 5.69962e-17
8090.6709 5.65384e-17
8091.8721 5.27139e-17
8093.0737 5.68112e-17
8094.2749 5.22873e-17
8095.4761 5.27663e-17
8096.6777 4.87558e-17
8097.8789 5.17023e-17
8099.0806 5.0869e-17
8100.2817 4.84451e-17
8101.4829 5.51667e-17
8102.6846 5.04482e-17
8103.8857 5.48475e-17
8105.0874 5.4285e-17
8106.2886 5.30509e-17
8107.4902 4.80368e-17
8108.6914 5.0054e-17
8109.8931 4.92366e-17
8111.0947 5.12423e-17
8112.2959 4.95966e-17
8113.4976 5.48385e-17
8114.6987 5.62414e-17
8115.9004 5.7407e-17
8117.1021 5.76702e-17
8118.3032 5.14528e-17
8119.5049 4.98581e-17
8120.7065 5.27382e-17
8121.9082 4.73101e-17
8123.1094 5.06837e-17
8124.311 5.75081e-17
8125.5127 5.7839e-17
8126.7144 5.20417e-17
8127.9155 5.19772e-17
8129.1172 4.92558e-17
8130.3188 5.0392e-17
8131.5205 4.77795e-17
8132.7222 5.10573e-17
8133.9238 5.26252e-17
8135.1255 5.62312e-17
8136.3267 4.83341e-17
8137.5288 5.10347e-17
8138.73 5.48094e-17
8139.9321 5.54388e-17
8141.1333 5.20134e-17
8142.335 5.47321e-17
8143.5371 4.87642e-17
8144.7388 4.80541e-17
8145.9404 5.02425e-17
8147.1421 5.10339e-17
8148.3438 4.60006e-17
8149.5454 4.09699e-17
8150.7471 5.37401e-17
8151.9487 4.88759e-17
8153.1504 4.87806e-17
8154.3525 5.24787e-17
8155.5542 5.29566e-17
8156.7559 5.72598e-17
8157.9575 4.95965e-17
8159.1592 5.49301e-17
8160.3613 4.94927e-17
8161.563 5.80028e-17
8162.7646 4.77999e-17
8163.9668 5.51821e-17
8165.1685 5.4829e-17
8166.3701 4.77833e-17
8167.5718 4.64141e-17
8168.7739 5.68932e-17
8169.9756 5.35892e-17
8171.1777 5.43321e-17
8172.3794 5.2855e-17
8173.5815 5.23437e-17
8174.7832 5.19178e-17
8175.9849 5.6503e-17
8177.187 4.61955e-17
8178.3887 5.5663e-17
8179.5908 5.63592e-17
8180.7925 5.19416e-17
8181.9946 5.53227e-17
8183.1963 5.23962e-17
8184.3984 5.57015e-17
8185.6006 5.30742e-17
8186.8022 4.51863e-17
8188.0044 5.36745e-17
8189.2065 4.62614e-17
8190.4082 5.41071e-17
8191.6104 5.1812e-17
8192.8125 5.24709e-17
8194.0146 5.63606e-17
8195.2158 5.2291e-17
8196.418 5.4731e-17
8197.6201 5.4629e-17
8198.8223 5.42743e-17
8200.0244 5.60529e-17
8201.2266 5.06485e-17
8202.4287 5.41518e-17
8203.6309 5.47204e-17
8204.832 4.61057e-17
8206.0342 5.51804e-17
8207.2363 5.407e-17
8208.4385 5.55783e-17
8209.6406 6.03769e-17
8210.8428 5.10009e-17
8212.0449 5.24174e-17
8213.2471 5.37468e-17
8214.4492 5.86467e-17
8215.6514 4.90975e-17
8216.8535 6.31421e-17
8218.0557 5.74658e-17
8219.2578 5.26129e-17
8220.46 5.2316e-17
8221.6621 5.31544e-17
8222.8643 5.6318e-17
8224.0664 5.35334e-17
8225.2686 4.50305e-17
8226.4707 4.76872e-17
8227.6729 4.70394e-17
8228.875 4.70256e-17
8230.0771 4.60385e-17
8231.2793 4.49227e-17
8232.4814 4.93626e-17
8233.6836 5.07631e-17
8234.8857 5.05988e-17
8236.0879 5.95734e-17
8237.29 4.94864e-17
8238.4932 6.07401e-17
8239.6953 5.37316e-17
8240.8975 4.9011e-17
8242.0996 5.38156e-17
8243.3018 5.29073e-17
8244.5039 5.76212e-17
8245.7061 4.81189e-17
8246.9082 5.45599e-17
8248.1104 5.93807e-17
8249.3135 4.83756e-17
8250.5156 5.29005e-17
8251.7178 5.46862e-17
8252.9199 5.30384e-17
8254.1221 4.70017e-17
8255.3242 4.94324e-17
8256.5273 4.57221e-17
8257.7295 5.16423e-17
8258.9316 5.14119e-17
8260.1338 4.95648e-17
8261.3359 5.64167e-17
8262.5391 5.03067e-17
8263.7412 5.5852e-17
8264.9434 5.48877e-17
8266.1455 5.71495e-17
8267.3486 5.02568e-17
8268.5508 5.27294e-17
8269.7529 5.74568e-17
8270.9551 5.91861e-17
8272.1582 5.19133e-17
8273.3604 4.69009e-17
8274.5625 4.67509e-17
8275.7646 5.59511e-17
8276.9678 5.13802e-17
8278.1699 4.76583e-17
8279.3721 4.89917e-17
8280.5752 4.89038e-17
8281.7773 5.01066e-17
8282.9795 5.26484e-17
8284.1826 4.94579e-17
8285.3848 5.26002e-17
8286.5869 5.17645e-17
8287.79 4.9345e-17
8288.9922 4.51186e-17
8290.1943 4.97112e-17
8291.3975 4.66831e-17
8292.5996 5.93469e-17
8293.8018 5.85517e-17
8295.0049 5.4961e-17
8296.207 5.32764e-17
8297.4092 6.17153e-17
8298.6123 5.19581e-17
8299.8145 5.7492e-17
8301.0176 5.25073e-17
8302.2197 5.83581e-17
8303.4219 5.20986e-17
8304.625 5.07955e-17
8305.8271 4.87274e-17
8307.0303 5.39559e-17
8308.2324 5.3837e-17
8309.4355 5.3369e-17
8310.6377 4.7546e-17
8311.8398 5.46724e-17
8313.043 5.21241e-17
8314.2451 4.49229e-17
8315.4482 5.568e-17
8316.6504 5.19927e-17
8317.8535 5.28808e-17
8319.0557 5.50084e-17
8320.2588 5.07877e-17
8321.4609 4.64197e-17
8322.6641 5.28629e-17
8323.8662 5.34384e-17
8325.0693 4.84712e-17
8326.2715 5.35641e-17
8327.4746 5.73495e-17
8328.6768 5.70554e-17
8329.8799 5.28687e-17
8331.082 5.95091e-17
8332.2852 5.44758e-17
8333.4873 5.30956e-17
8334.6904 4.99369e-17
8335.8926 5.39742e-17
8337.0957 5.41158e-17
8338.2979 4.32606e-17
8339.501 5.41915e-17
8340.7041 5.21979e-17
8341.9062 5.32157e-17
8343.1094 4.88675e-17
8344.3115 5.56575e-17
8345.5146 6.55479e-17
8346.7168 5.70882e-17
8347.9199 4.99121e-17
8349.123 5.04384e-17
8350.3252 5.38116e-17
8351.5283 5.38844e-17
8352.7305 5.46682e-17
8353.9336 4.99071e-17
8355.1367 5.01522e-17
8356.3389 5.39628e-17
8357.542 4.9285e-17
8358.7441 4.87188e-17
8359.9473 5.26038e-17
8361.1504 5.51527e-17
8362.3525 4.96784e-17
8363.5557 4.94681e-17
8364.7588 5.61565e-17
8365.9609 5.64556e-17
8367.1641 5.35125e-17
8368.3672 5.37868e-17
8369.5693 5.0981e-17
8370.7725 4.52395e-17
8371.9756 4.90054e-17
8373.1777 5.54712e-17
8374.3809 5.07613e-17
8375.584 5.39181e-17
8376.7861 4.93848e-17
8377.9893 5.5056e-17
8379.1924 5.23883e-17
8380.3945 4.51675e-17
8381.5977 5.83123e-17
8382.8008 5.75393e-17
8384.0029 5.15454e-17
8385.2061 4.55958e-17
8386.4092 5.38482e-17
8387.6123 5.11992e-17
8388.8145 5.10524e-17
8390.0176 4.96502e-17
8391.2207 5.37905e-17
8392.4229 5.58545e-17
8393.626 5.52085e-17
8394.8291 5.66377e-17
8396.0322 5.08552e-17
8397.2344 6.31972e-17
8398.4375 5.79295e-17
8399.6406 4.43813e-17
8400.8438 5.22395e-17
8402.0459 5.49976e-17
8403.249 5.02273e-17
8404.4521 5.06278e-17
8405.6553 4.68167e-17
8406.8574 5.10141e-17
8408.0605 5.44679e-17
8409.2637 5.3373e-17
8410.4668 4.60919e-17
8411.6699 4.95774e-17
8412.8721 5.2158e-17
8414.0752 5.14868e-17
8415.2783 5.63609e-17
8416.4814 3.99738e-17
8417.6846 5.46214e-17
8418.8867 5.25723e-17
8420.0898 5.34063e-17
8421.293 5.54346e-17
8422.4961 5.81247e-17
8423.6992 5.6688e-17
8424.9014 4.89041e-17
8426.1045 5.47005e-17
8427.3076 5.73946e-17
8428.5107 5.92683e-17
8429.7139 5.02637e-17
8430.916 6.17023e-17
8432.1191 5.15965e-17
8433.3223 5.42315e-17
8434.5254 4.83015e-17
8435.7285 4.65483e-17
8436.9316 5.19571e-17
8438.1348 5.06477e-17
8439.3369 5.06448e-17
8440.54 5.13772e-17
8441.7432 5.32997e-17
8442.9463 4.94838e-17
8444.1494 4.84619e-17
8445.3525 5.76675e-17
8446.5557 4.9488e-17
8447.7578 5.3761e-17
8448.9609 5.47347e-17
8450.1641 5.36661e-17
8451.3672 4.33471e-17
8452.5703 5.08926e-17
8453.7734 4.69285e-17
8454.9766 5.2344e-17
8456.1797 4.8273e-17
8457.3818 5.4892e-17
8458.585 4.74017e-17
8459.7881 5.76818e-17
8460.9912 5.06805e-17
8462.1943 5.2837e-17
8463.3975 5.06903e-17
8464.6006 4.85983e-17
8465.8037 4.42111e-17
8467.0068 4.87111e-17
8468.209 5.44438e-17
8469.4121 5.82104e-17
8470.6152 5.52307e-17
8471.8184 5.1425e-17
8473.0215 5.72881e-17
8474.2246 5.22879e-17
8475.4277 5.18312e-17
8476.6309 4.87457e-17
8477.834 5.35815e-17
8479.0371 5.39355e-17
8480.2402 5.08658e-17
8481.4434 5.14874e-17
8482.6455 5.31824e-17
8483.8486 5.21455e-17
8485.0518 5.17955e-17
8486.2549 5.10003e-17
8487.458 4.67241e-17
8488.6611 5.32319e-17
8489.8643 5.59002e-17
8491.0674 5.25378e-17
8492.2705 5.71322e-17
8493.4736 5.6121e-17
8494.6768 4.26814e-17
8495.8799 5.35892e-17
8497.083 5.17029e-17
8498.2861 5.25937e-17
8499.4893 5.56408e-17
8500.6924 5.26373e-17
8501.8945 5.66568e-17
8503.0977 5.78694e-17
8504.3008 5.37873e-17
8505.5039 5.03647e-17
8506.707 4.77371e-17
8507.9102 4.64623e-17
8509.1133 5.05984e-17
8510.3164 5.00018e-17
8511.5195 5.45743e-17
8512.7227 5.19469e-17
8513.9258 5.09869e-17
8515.1289 4.74065e-17
8516.332 5.5607e-17
8517.5352 5.32748e-17
8518.7383 4.74645e-17
8519.9414 5.27676e-17
8521.1445 4.98406e-17
8522.3477 5.33847e-17
8523.5508 5.00513e-17
8524.7539 5.51468e-17
8525.957 5.17672e-17
8527.1602 5.70229e-17
8528.3633 4.8728e-17
8529.5664 5.27782e-17
8530.7695 5.13223e-17
8531.9727 5.64906e-17
8533.1758 5.42052e-17
8534.3789 4.80607e-17
8535.582 4.70934e-17
8536.7852 5.09926e-17
8537.9883 5.35352e-17
8539.1904 5.10904e-17
8540.3936 5.06769e-17
8541.5967 5.19552e-17
8542.8008 4.91616e-17
8544.0029 5.11297e-17
8545.2061 4.80164e-17
8546.4092 5.03846e-17
8547.6123 5.68212e-17
8548.8154 4.7447e-17
8550.0186 5.12524e-17
8551.2217 4.89504e-17
8552.4248 4.62867e-17
8553.6279 4.59617e-17
8554.8311 5.16978e-17
8556.0342 4.86779e-17
8557.2373 4.85078e-17
8558.4404 5.31876e-17
8559.6436 5.45427e-17
8560.8467 5.08042e-17
8562.0498 5.13923e-17
8563.2529 5.17204e-17
8564.4561 5.21473e-17
8565.6592 5.0752e-17
8566.8623 5.17672e-17
8568.0654 4.63622e-17
8569.2686 5.04262e-17
8570.4717 5.0544e-17
8571.6748 4.96071e-17
8572.8779 4.87262e-17
8574.0811 4.43732e-17
8575.2842 5.26898e-17
8576.4873 4.99727e-17
8577.6904 4.98652e-17
8578.8936 4.49386e-17
8580.0967 4.95672e-17
8581.2998 5.15967e-17
8582.5029 5.2276e-17
8583.7061 4.56851e-17
8584.9092 4.51564e-17
8586.1123 4.87304e-17
8587.3154 5.07015e-17
8588.5186 4.7108e-17
8589.7217 4.8727e-17
8590.9248 5.3383e-17
8592.1279 4.84222e-17
8593.3311 5.05005e-17
8594.5342 4.6476e-17
8595.7373 5.19171e-17
8596.9404 5.12576e-17
8598.1436 5.0725e-17
8599.3467 4.83192e-17
8600.5498 5.06776e-17
8601.7529 4.97199e-17
8602.9561 4.85331e-17
8604.1592 4.81917e-17
8605.3623 4.35551e-17
8606.5654 4.99536e-17
8607.7686 4.58918e-17
8608.9717 5.00923e-17
8610.1748 4.48959e-17
8611.3779 5.12156e-17
8612.5811 4.53682e-17
8613.7842 5.03674e-17
8614.9873 5.41308e-17
8616.1904 4.79778e-17
8617.3936 5.02215e-17
8618.5967 4.27004e-17
8619.7988 5.02633e-17
8621.002 4.39721e-17
8622.2051 4.07532e-17
8623.4082 5.14974e-17
8624.6113 4.79391e-17
8625.8145 5.78144e-17
8627.0176 4.28706e-17
8628.2207 4.68689e-17
8629.4238 5.33704e-17
8630.627 4.88374e-17
8631.8301 4.79656e-17
8633.0332 4.77772e-17
8634.2363 4.73125e-17
8635.4395 4.84524e-17
8636.6426 4.72654e-17
8637.8457 4.4052e-17
8639.0488 4.85146e-17
8640.252 4.84871e-17
8641.4551 4.8539e-17
8642.6582 5.31072e-17
8643.8613 5.30762e-17
8645.0645 4.96236e-17
8646.2676 5.06173e-17
8647.4697 4.89614e-17
8648.6729 5.05622e-17
8649.876 4.68382e-17
8651.0791 5.0737e-17
8652.2822 4.62804e-17
8653.4854 4.94422e-17
8654.6885 4.58709e-17
8655.8916 5.15256e-17
8657.0947 4.79998e-17
8658.2979 4.85495e-17
8659.501 5.46052e-17
8660.7041 5.1054e-17
8661.9072 5.36073e-17
8663.1104 5.0087e-17
8664.3125 5.13646e-17
8665.5156 5.14625e-17
8666.7188 4.80792e-17
8667.9219 5.44083e-17
8669.125 4.68932e-17
8670.3281 5.0082e-17
8671.5312 5.46021e-17
8672.7344 5.19028e-17
8673.9375 5.30048e-17
8675.1406 5.34596e-17
8676.3428 4.29487e-17
8677.5459 4.20515e-17
8678.749 5.3107e-17
8679.9521 5.41218e-17
8681.1553 4.20524e-17
8682.3584 4.41855e-17
8683.5615 5.11213e-17
8684.7646 4.53144e-17
8685.9678 4.78147e-17
8687.1699 4.71815e-17
8688.373 4.88003e-17
8689.5762 4.83254e-17
8690.7793 5.16015e-17
8691.9824 4.48639e-17
8693.1855 4.8711e-17
8694.3887 4.4996e-17
8695.5908 4.41696e-17
8696.7939 4.69668e-17
8697.9971 4.67517e-17
8699.2002 4.72548e-17
8700.4033 5.22911e-17
8701.6064 5.3044e-17
8702.8096 5.04253e-17
8704.0117 4.78131e-17
8705.2148 4.35923e-17
8706.418 5.09877e-17
8707.6211 4.62304e-17
8708.8242 4.59114e-17
8710.0273 4.80022e-17
8711.2295 4.99687e-17
8712.4326 4.79674e-17
8713.6357 4.99767e-17
8714.8389 5.03123e-17
8716.042 4.6517e-17
8717.2441 4.75752e-17
8718.4473 4.40674e-17
8719.6504 5.15567e-17
8720.8535 5.00823e-17
8722.0566 5.06405e-17
8723.2598 4.99246e-17
8724.4619 4.5283e-17
8725.665 4.81512e-17
8726.8682 4.91259e-17
8728.0713 4.71109e-17
8729.2734 4.52137e-17
8730.4766 4.76842e-17
8731.6797 4.75532e-17
8732.8828 4.53062e-17
8734.0859 4.97795e-17
8735.2881 5.06808e-17
8736.4912 4.58127e-17
8737.6943 4.86742e-17
8738.8975 4.41302e-17
8740.0996 4.85803e-17
8741.3027 4.57928e-17
8742.5059 5.02686e-17
8743.709 4.94343e-17
8744.9111 4.85008e-17
8746.1143 4.85546e-17
8747.3174 5.09652e-17
8748.5195 4.99801e-17
8749.7227 4.31674e-17
8750.9258 5.01181e-17
8752.1289 4.9725e-17
8753.3311 4.87939e-17
8754.5342 4.83751e-17
8755.7373 4.68054e-17
8756.9395 4.80178e-17
8758.1426 4.88058e-17
8759.3457 4.6191e-17
8760.5488 5.00336e-17
8761.751 5.08674e-17
8762.9541 5.56151e-17
8764.1572 4.16322e-17
8765.3594 5.30564e-17
8766.5625 4.93636e-17
8767.7656 4.00537e-17
8768.9678 5.22873e-17
8770.1709 5.38269e-17
8771.374 4.70502e-17
8772.5762 4.64581e-17
8773.7793 4.7437e-17
8774.9814 4.99295e-17
8776.1846 5.27245e-17
8777.3877 5.28656e-17
8778.5898 4.82096e-17
8779.793 4.81228e-17
8780.9961 4.60194e-17
8782.1982 4.3107e-17
8783.4014 4.25169e-17
8784.6035 4.63376e-17
8785.8066 4.85019e-17
8787.0098 4.98388e-17
8788.2119 5.04595e-17
8789.415 4.92974e-17
8790.6172 5.40335e-17
8791.8203 4.89057e-17
8793.0234 4.98025e-17
8794.2256 4.96857e-17
8795.4287 4.87012e-17
8796.6309 5.2972e-17
8797.834 4.86933e-17
8799.0361 5.17699e-17
8800.2393 5.30473e-17
8801.4424 5.19001e-17
8802.6445 4.55029e-17
8803.8477 4.74815e-17
8805.0498 4.85102e-17
8806.2529 4.63524e-17
8807.4551 4.59832e-17
8808.6582 5.32158e-17
8809.8604 4.91965e-17
8811.0635 4.84273e-17
8812.2656 4.35878e-17
8813.4688 4.92034e-17
8814.6709 5.1211e-17
8815.874 4.91904e-17
8817.0762 5.08868e-17
8818.2793 5.05501e-17
8819.4814 5.23437e-17
8820.6846 4.95528e-17
8821.8867 4.97893e-17
8823.0889 4.9658e-17
8824.292 5.41206e-17
8825.4941 5.44916e-17
8826.6973 5.14508e-17
8827.8994 4.94718e-17
8829.1025 5.73578e-17
8830.3047 5.53462e-17
8831.5068 4.22144e-17
8832.71 4.61738e-17
8833.9121 5.42048e-17
8835.1152 4.31708e-17
8836.3174 5.13002e-17
8837.5195 5.0476e-17
8838.7227 4.90028e-17
8839.9248 4.66923e-17
8841.1279 4.6719e-17
8842.3301 4.9245e-17
8843.5322 4.56727e-17
8844.7354 5.0796e-17
8845.9375 5.38559e-17
8847.1396 4.35028e-17
8848.3428 5.74796e-17
8849.5449 5.11994e-17
8850.748 5.15636e-17
8851.9502 4.83015e-17
8853.1523 4.88569e-17
8854.3545 4.6083e-17
8855.5576 5.62015e-17
8856.7598 5.20095e-17
8857.9619 4.98829e-17
8859.165 4.82862e-17
8860.3672 4.83704e-17
8861.5693 4.80339e-17
8862.7725 4.87513e-17
8863.9746 5.28999e-17
8865.1768 5.96896e-17
8866.3789 4.78325e-17
8867.582 5.32081e-17
8868.7842 4.68408e-17
8869.9863 4.56993e-17
8871.1885 5.55617e-17
8872.3906 5.28031e-17
8873.5938 4.92133e-17
8874.7959 4.6759e-17
8875.998 5.1812e-17
8877.2002 5.18009e-17
8878.4033 4.35938e-17
8879.6055 4.89551e-17
8880.8076 4.76193e-17
8882.0098 4.78621e-17
8883.2119 4.62362e-17
8884.4141 4.80723e-17
8885.6172 5.36821e-17
8886.8193 4.28264e-17
8888.0215 4.1803e-17
8889.2236 4.93612e-17
8890.4258 5.23689e-17
8891.6279 4.96682e-17
8892.8301 4.482e-17
8894.0332 4.73152e-17
8895.2354 4.99579e-17
8896.4375 5.02922e-17
8897.6396 5.21179e-17
8898.8418 5.03645e-17
8900.0439 5.14959e-17
8901.2461 4.89596e-17
8902.4482 5.25457e-17
8903.6504 5.54005e-17
8904.8525 4.79879e-17
8906.0547 5.34907e-17
8907.2568 5.12875e-17
8908.459 4.68965e-17
8909.6611 5.24537e-17
8910.8643 4.91148e-17
8912.0654 5.01136e-17
8913.2686 4.70219e-17
8914.4697 5.2232e-17
8915.6729 4.25562e-17
8916.874 4.93405e-17
8918.0762 6.2024e-17
8919.2783 4.18822e-17
8920.4805 5.14445e-17
8921.6826 5.36404e-17
8922.8848 4.29686e-17
8924.0869 3.93994e-17
8925.2891 4.64573e-17
8926.4912 4.11147e-17
8927.6934 4.61835e-17
8928.8955 4.80347e-17
8930.0977 4.62968e-17
8931.2998 4.75109e-17
8932.502 4.53209e-17
8933.7041 4.8656e-17
8934.9053 4.18189e-17
8936.1074 4.64376e-17
8937.3096 5.1592e-17
8938.5117 4.81252e-17
8939.7139 4.89795e-17
8940.916 4.98621e-17
8942.1182 5.40846e-17
8943.3193 5.11252e-17
8944.5215 4.55009e-17
8945.7236 5.0509e-17
8946.9258 4.69575e-17
8948.1279 4.86454e-17
8949.3301 5.02043e-17
8950.5312 4.25508e-17
8951.7334 4.44113e-17
8952.9355 4.68265e-17
8954.1377 4.2829e-17
8955.3389 5.05474e-17
8956.541 4.93067e-17
8957.7432 4.48996e-17
8958.9443 4.98088e-17
8960.1465 4.58288e-17
8961.3486 5.42722e-17
8962.5508 4.36226e-17
8963.752 4.9097e-17
8964.9541 5.00646e-17
8966.1562 4.89842e-17
8967.3574 4.84447e-17
8968.5596 4.52157e-17
8969.7617 4.47237e-17
8970.9629 4.37927e-17
8972.165 4.51078e-17
8973.3672 4.56735e-17
8974.5684 4.67612e-17
8975.7705 4.77252e-17
8976.9727 5.01935e-17
8978.1738 4.84922e-17
8979.376 4.75436e-17
8980.5771 4.65492e-17
8981.7793 4.79211e-17
8982.9805 4.63824e-17
8984.1826 4.35435e-17
8985.3848 4.63974e-17
8986.5859 4.51495e-17
8987.7881 4.60142e-17
8988.9893 3.96676e-17
8990.1914 4.45932e-17
8991.3926 4.36001e-17
8992.5947 4.59657e-17
8993.7959 4.57563e-17
8994.998 5.0576e-17
8996.1992 4.59861e-17
8997.4014 4.1079e-17
8998.6025 5.06866e-17
8999.8047 4.70698e-17
