  5.831820108395500E+08   2.0005901E+01   1.8242603E+01   1.1717013E-01
  5.842760587051700E+08   2.0077049E+01   1.8292120E+01   1.1315830E-01
  5.847784137503600E+08   1.9861225E+01   1.7971830E+01   1.1200022E-01
  5.852531267485200E+08   1.9236176E+01   1.8168190E+01   1.8873303E-01
  5.856546302502199E+08   1.9325958E+01   1.8263262E+01   1.7922793E-01
  5.861108324600700E+08   2.0047554E+01   1.8167280E+01   1.0298708E-01
  5.871528507473400E+08   1.9849178E+01   1.8100149E+01   1.2102044E-01
  5.872844115962900E+08   2.0012766E+01   1.8104937E+01   1.0719431E-01
  5.877286499247500E+08   1.9522903E+01   1.8425858E+01   1.6117795E-01
  5.883456927859100E+08   1.9213224E+01   1.8121798E+01   1.8195246E-01
  5.887586077171201E+08   1.9627834E+01   1.8095732E+01   1.2235390E-01
  5.892118133177000E+08   1.9157841E+01   1.8315672E+01   2.0068169E-01
  5.896309503476200E+08   1.9989567E+01   1.8192970E+01   1.1346459E-01
  5.910131211706700E+08   1.9816227E+01   1.8375969E+01   1.2289985E-01
