  5.831828817617199E+08   2.2020378E+01   1.9065607E+01   8.6815946E-02
  5.842764605571100E+08   2.2225233E+01   1.9343756E+01   8.7666035E-02
  5.847787818691601E+08   2.2066534E+01   1.9535786E+01   1.0288633E-01
  5.852534110281900E+08   2.0981298E+01   1.9206392E+01   1.5220675E-01
  5.856550518235199E+08   2.1427727E+01   1.9304686E+01   1.2701605E-01
  5.861113153984200E+08   2.2313095E+01   1.9136242E+01   8.1027955E-02
  5.871535578305399E+08   2.1871805E+01   1.9187050E+01   9.7072586E-02
  5.872853498852100E+08   2.2159079E+01   1.9236713E+01   8.8830806E-02
  5.877290997368799E+08   2.1921494E+01   1.9216602E+01   9.4571538E-02
  5.883460233707000E+08   2.1204645E+01   1.9238426E+01   1.3741647E-01
  5.887590714913000E+08   2.2163900E+01   1.9400576E+01   9.2904948E-02
  5.892409391250700E+08   2.1477591E+01   1.9488274E+01   1.3305801E-01
  5.896318844716001E+08   2.2126789E+01   1.9562826E+01   9.9424310E-02
  5.910135209539800E+08   2.2444893E+01   1.9647606E+01   8.4877223E-02
  6.132404252506900E+08   2.1956444E+01   2.0327320E+01   1.5164712E-01
