  5.831819234477900E+08   2.0692240E+01   1.8325232E+01   9.7748637E-02
  5.842760159029500E+08   2.0796364E+01   1.8526505E+01   1.0001575E-01
  5.847783754220099E+08   2.0569502E+01   1.8555342E+01   1.1753001E-01
  5.852530944441400E+08   1.9859474E+01   1.8638399E+01   1.8535799E-01
  5.856545858151500E+08   1.9946978E+01   1.8424610E+01   1.4733407E-01
  5.861107716190600E+08   2.0780291E+01   1.8514759E+01   9.5200911E-02
  5.871527804952300E+08   2.0533106E+01   1.8391745E+01   1.1087659E-01
  5.872843186715400E+08   2.0735697E+01   1.8416176E+01   9.9212125E-02
  5.877286047339000E+08   2.0178638E+01   1.8559835E+01   1.2345038E-01
  5.883456575412600E+08   1.9813784E+01   1.8223999E+01   1.4840581E-01
  5.887585594867200E+08   2.0273417E+01   1.8432280E+01   1.1010879E-01
  5.892117680165499E+08   2.0230425E+01   1.8692541E+01   1.3048047E-01
  5.896308588847400E+08   2.0644047E+01   1.8488216E+01   1.0414004E-01
  5.910130812315000E+08   2.0501551E+01   1.8699741E+01   1.0508538E-01
  6.132408488485399E+08   2.1263027E+01   1.9535429E+01   1.2017627E-01
