  5.831825169196000E+08   1.9068130E+01   1.7896246E+01   1.6896340E-01
  5.842762980201700E+08   1.9160007E+01   1.8104002E+01   1.7872331E-01
  5.847786281254500E+08   1.8933769E+01   1.8019234E+01   2.0007767E-01
  5.852533031703800E+08   1.8259659E+01   1.8002487E+01   3.0967346E-01
  5.856548787722100E+08   1.8578430E+01   1.8117838E+01   2.7170774E-01
  5.861111815194900E+08   1.9260847E+01   1.7826971E+01   1.4086673E-01
  5.871532577516900E+08   1.8901625E+01   1.7724270E+01   1.7136867E-01
  5.872849507859700E+08   1.9129641E+01   1.8030968E+01   1.7628694E-01
  5.877289059326200E+08   1.8941999E+01   1.7990265E+01   1.8945429E-01
  5.883458863363600E+08   1.8380398E+01   1.7565239E+01   2.2343127E-01
  5.887588803515500E+08   1.9030825E+01   1.7895567E+01   1.6952622E-01
  5.892407561386400E+08   1.8342327E+01   1.8236206E+01   3.3871013E-01
  5.896314804847900E+08   1.9099699E+01   1.7810152E+01   1.5721740E-01
  5.910133426344399E+08   1.9182289E+01   1.8025635E+01   1.5668081E-01
