  5.831817534099990E+08   2.1344252E+01   1.8750013E+01   9.6624143E-02
  5.842759274595790E+08   2.1474159E+01   1.8910570E+01   9.6822955E-02
  5.847783012934290E+08   2.1238218E+01   1.9138990E+01   1.2141421E-01
  5.852589977631990E+08   2.1344404E+01   1.8927662E+01   1.0437633E-01
  5.856545021938490E+08   2.0589888E+01   1.8996994E+01   1.5004952E-01
  5.861106229746490E+08   2.1487436E+01   1.8737217E+01   8.6649477E-02
  5.871526443350190E+08   2.1206400E+01   1.8700977E+01   1.0347875E-01
  5.872841377111090E+08   2.1358452E+01   1.8789179E+01   9.6171208E-02
  5.877285252212690E+08   2.1036533E+01   1.8931499E+01   1.0842649E-01
  5.883455921352190E+08   2.0529734E+01   1.9095551E+01   1.7199580E-01
  5.887584649534490E+08   2.1113298E+01   1.9189190E+01   1.1770212E-01
  5.892116753859090E+08   2.1043749E+01   1.9224297E+01   1.2369327E-01
  5.896306809914590E+08   2.1062424E+01   1.9202446E+01   1.2010989E-01
  5.910130102085090E+08   2.1396702E+01   1.9229052E+01   9.9049374E-02
  6.132406856661500E+08   2.1631746E+01   2.0051571E+01   1.4463167E-01
