  5.831822642326300E+08   2.2000549E+01   1.9108751E+01   9.3792677E-02
  5.842761639536901E+08   2.2024807E+01   1.9486481E+01   1.0134917E-01
  5.847785180059299E+08   2.1850250E+01   1.9655743E+01   1.2122616E-01
  5.852532155193800E+08   2.1118258E+01   1.9502901E+01   1.6543466E-01
  5.856547550821800E+08   2.1328489E+01   1.9327896E+01   1.3354847E-01
  5.861109441628400E+08   2.2196354E+01   1.9354584E+01   9.2140190E-02
  5.871530546246500E+08   2.1796154E+01   1.9335875E+01   1.0957572E-01
  5.872846815883000E+08   2.2034096E+01   1.9343969E+01   9.9333458E-02
  5.877287912399200E+08   2.1862036E+01   1.9434927E+01   1.0580643E-01
  5.883457900410800E+08   2.1143660E+01   1.9659048E+01   1.7177425E-01
  5.887587405479200E+08   2.1919645E+01   1.9374479E+01   1.0139100E-01
  5.892406489704100E+08   2.1157856E+01   1.9694052E+01   1.6817872E-01
  5.896312157223800E+08   2.2006975E+01   1.9791573E+01   1.1743566E-01
  5.910132393994200E+08   2.2130901E+01   1.9862637E+01   1.0306040E-01
  6.132410494766099E+08   2.2362818E+01   2.0336237E+01   1.1962118E-01
